0.0	30.302599	-97.731835	200.000000
1.0	30.302485	-97.731721	200.000000
2.0	30.302359	-97.731626	200.000000
3.0	30.302222	-97.731552	200.000000
4.0	30.302077	-97.731502	200.000000
5.0	30.301928	-97.731474	200.000000
6.0	30.301777	-97.731471	200.000000
7.0	30.301627	-97.731492	200.000000
8.0	30.301481	-97.731538	200.000000
9.0	30.301342	-97.731606	200.000000
10.0	30.301213	-97.731695	200.000000
11.0	30.301096	-97.731805	200.000000
12.0	30.300993	-97.731932	200.000000
13.0	30.300906	-97.732075	200.000000
14.0	30.300837	-97.732230	200.000000
15.0	30.300796	-97.732389	200.000000
16.0	30.300775	-97.732555	200.000000
17.0	30.300775	-97.732724	200.000000
18.0	30.300796	-97.732893	200.000000
19.0	30.300838	-97.733057	200.000000
20.0	30.300900	-97.733215	200.000000
21.0	30.300981	-97.733362	200.000000
22.0	30.301080	-97.733496	200.000000
23.0	30.301194	-97.733614	200.000000
24.0	30.301323	-97.733714	200.000000
25.0	30.301463	-97.733794	200.000000
26.0	30.301611	-97.733851	200.000000
27.0	30.301766	-97.733886	200.000000
28.0	30.301925	-97.733896	200.000000
29.0	30.302083	-97.733882	200.000000
30.0	30.302239	-97.733844	200.000000
31.0	30.302390	-97.733782	200.000000
32.0	30.302532	-97.733698	200.000000
33.0	30.302664	-97.733594	200.000000
34.0	30.302782	-97.733470	200.000000
35.0	30.302885	-97.733330	200.000000
36.0	30.302971	-97.733176	200.000000
37.0	30.303038	-97.733011	200.000000
38.0	30.303085	-97.732838	200.000000
39.0	30.303111	-97.732660	200.000000
40.0	30.303116	-97.732481	200.000000
41.0	30.303100	-97.732304	200.000000
42.0	30.303064	-97.732133	200.000000
43.0	30.303008	-97.731970	200.000000
44.0	30.302933	-97.731819	200.000000
45.0	30.302842	-97.731683	200.000000
46.0	30.302736	-97.731564	200.000000
47.0	30.302617	-97.731464	200.000000
48.0	30.302488	-97.731386	200.000000
49.0	30.302352	-97.731330	200.000000
50.0	30.302210	-97.731298	200.000000
51.0	30.302067	-97.731290	200.000000
52.0	30.301925	-97.731307	200.000000
53.0	30.301787	-97.731347	200.000000
54.0	30.301656	-97.731410	200.000000
55.0	30.301534	-97.731495	200.000000
56.0	30.301425	-97.731599	200.000000
57.0	30.301330	-97.731722	200.000000
58.0	30.301251	-97.731859	200.000000
59.0	30.301190	-97.732009	200.000000
60.0	30.301149	-97.732169	200.000000
61.0	30.301128	-97.732335	200.000000
62.0	30.301128	-97.732504	200.000000
63.0	30.301149	-97.732672	200.000000
64.0	30.301191	-97.732837	200.000000
65.0	30.301253	-97.732995	200.000000
66.0	30.301334	-97.733142	200.000000
67.0	30.301432	-97.733276	200.000000
68.0	30.301547	-97.733394	200.000000
69.0	30.301675	-97.733494	200.000000
70.0	30.301815	-97.733574	200.000000
71.0	30.301964	-97.733631	200.000000
72.0	30.302119	-97.733665	200.000000
73.0	30.302277	-97.733676	200.000000
74.0	30.302436	-97.733662	200.000000
75.0	30.302592	-97.733624	200.000000
76.0	30.302743	-97.733562	200.000000
77.0	30.302885	-97.733478	200.000000
78.0	30.303017	-97.733373	200.000000
79.0	30.303135	-97.733250	200.000000
80.0	30.303238	-97.733110	200.000000
81.0	30.303324	-97.732956	200.000000
82.0	30.303390	-97.732790	200.000000
83.0	30.303437	-97.732617	200.000000
84.0	30.303464	-97.732440	200.000000
85.0	30.303469	-97.732261	200.000000
86.0	30.303453	-97.732084	200.000000
87.0	30.303417	-97.731913	200.000000
88.0	30.303361	-97.731750	200.000000
89.0	30.303286	-97.731599	200.000000
90.0	30.303195	-97.731463	200.000000
91.0	30.303089	-97.731344	200.000000
92.0	30.302970	-97.731244	200.000000
93.0	30.302841	-97.731166	200.000000
94.0	30.302704	-97.731110	200.000000
95.0	30.302563	-97.731078	200.000000
96.0	30.302420	-97.731070	200.000000
97.0	30.302278	-97.731086	200.000000
98.0	30.302140	-97.731127	200.000000
99.0	30.302009	-97.731190	200.000000
100.0	30.301887	-97.731274	200.000000
101.0	30.301778	-97.731379	200.000000
102.0	30.301682	-97.731501	200.000000
103.0	30.301604	-97.731639	200.000000
104.0	30.301543	-97.731789	200.000000
105.0	30.301502	-97.731949	200.000000
106.0	30.301481	-97.732115	200.000000
107.0	30.301481	-97.732284	200.000000
108.0	30.301502	-97.732452	200.000000
109.0	30.301543	-97.732617	200.000000
110.0	30.301605	-97.732775	200.000000
111.0	30.301686	-97.732922	200.000000
112.0	30.301785	-97.733056	200.000000
113.0	30.301900	-97.733174	200.000000
114.0	30.302028	-97.733274	200.000000
115.0	30.302168	-97.733354	200.000000
116.0	30.302317	-97.733411	200.000000
117.0	30.302472	-97.733445	200.000000
118.0	30.302630	-97.733456	200.000000
119.0	30.302789	-97.733442	200.000000
120.0	30.302945	-97.733403	200.000000
121.0	30.303096	-97.733342	200.000000
122.0	30.303238	-97.733258	200.000000
123.0	30.303369	-97.733153	200.000000
124.0	30.303488	-97.733030	200.000000
125.0	30.303591	-97.732890	200.000000
126.0	30.303676	-97.732735	200.000000
127.0	30.303743	-97.732570	200.000000
128.0	30.303790	-97.732397	200.000000
129.0	30.303816	-97.732220	200.000000
130.0	30.303821	-97.732041	200.000000
131.0	30.303806	-97.731864	200.000000
132.0	30.303769	-97.731693	200.000000
133.0	30.303713	-97.731530	200.000000
134.0	30.303639	-97.731379	200.000000
135.0	30.303548	-97.731243	200.000000
136.0	30.303442	-97.731124	200.000000
137.0	30.303323	-97.731024	200.000000
138.0	30.303194	-97.730946	200.000000
139.0	30.303057	-97.730890	200.000000
140.0	30.302916	-97.730858	200.000000
141.0	30.302773	-97.730850	200.000000
142.0	30.302631	-97.730866	200.000000
143.0	30.302493	-97.730906	200.000000
144.0	30.302361	-97.730969	200.000000
145.0	30.302240	-97.731054	200.000000
146.0	30.302130	-97.731159	200.000000
147.0	30.302035	-97.731281	200.000000
148.0	30.301956	-97.731419	200.000000
149.0	30.301896	-97.731569	200.000000
150.0	30.301854	-97.731729	200.000000
151.0	30.301833	-97.731895	200.000000
152.0	30.301833	-97.732064	200.000000
153.0	30.301854	-97.732232	200.000000
154.0	30.301896	-97.732397	200.000000
155.0	30.301958	-97.732554	200.000000
156.0	30.302039	-97.732702	200.000000
157.0	30.302138	-97.732836	200.000000
158.0	30.302252	-97.732954	200.000000
159.0	30.302381	-97.733054	200.000000
160.0	30.302521	-97.733133	200.000000
161.0	30.302670	-97.733191	200.000000
162.0	30.302825	-97.733225	200.000000
163.0	30.302983	-97.733235	200.000000
164.0	30.303142	-97.733221	200.000000
165.0	30.303298	-97.733183	200.000000
166.0	30.303448	-97.733122	200.000000
167.0	30.303591	-97.733038	200.000000
168.0	30.303722	-97.732933	200.000000
169.0	30.303840	-97.732809	200.000000
170.0	30.303943	-97.732669	200.000000
171.0	30.304029	-97.732515	200.000000
172.0	30.304095	-97.732349	200.000000
173.0	30.304142	-97.732176	200.000000
174.0	30.304168	-97.731999	200.000000
175.0	30.304173	-97.731819	200.000000
176.0	30.304158	-97.731643	200.000000
177.0	30.304121	-97.731471	200.000000
178.0	30.304065	-97.731308	200.000000
179.0	30.303991	-97.731157	200.000000
180.0	30.303899	-97.731021	200.000000
181.0	30.303793	-97.730902	200.000000
182.0	30.303674	-97.730802	200.000000
183.0	30.303545	-97.730723	200.000000
184.0	30.303409	-97.730668	200.000000
185.0	30.303267	-97.730635	200.000000
186.0	30.303124	-97.730627	200.000000
187.0	30.302982	-97.730644	200.000000
188.0	30.302844	-97.730684	200.000000
189.0	30.302712	-97.730747	200.000000
190.0	30.302591	-97.730831	200.000000
191.0	30.302481	-97.730936	200.000000
192.0	30.302386	-97.731058	200.000000
193.0	30.302307	-97.731196	200.000000
194.0	30.302246	-97.731346	200.000000
195.0	30.302205	-97.731505	200.000000
196.0	30.302184	-97.731671	200.000000
197.0	30.302184	-97.731840	200.000000
198.0	30.302205	-97.732008	200.000000
199.0	30.302246	-97.732173	200.000000
200.0	30.302308	-97.732330	200.000000
201.0	30.302389	-97.732477	200.000000
202.0	30.302488	-97.732611	200.000000
203.0	30.302602	-97.732729	200.000000
204.0	30.302731	-97.732829	200.000000
205.0	30.302871	-97.732909	200.000000
206.0	30.303019	-97.732966	200.000000
207.0	30.303174	-97.733000	200.000000
208.0	30.303332	-97.733010	200.000000
209.0	30.303491	-97.732996	200.000000
210.0	30.303647	-97.732958	200.000000
211.0	30.303798	-97.732896	200.000000
212.0	30.303940	-97.732812	200.000000
213.0	30.304071	-97.732707	200.000000
214.0	30.304190	-97.732584	200.000000
215.0	30.304292	-97.732443	200.000000
216.0	30.304378	-97.732289	200.000000
217.0	30.304445	-97.732124	200.000000
218.0	30.304492	-97.731951	200.000000
219.0	30.304518	-97.731773	200.000000
220.0	30.304523	-97.731594	200.000000
221.0	30.304507	-97.731417	200.000000
222.0	30.304471	-97.731246	200.000000
223.0	30.304415	-97.731083	200.000000
224.0	30.304340	-97.730932	200.000000
225.0	30.304249	-97.730796	200.000000
226.0	30.304143	-97.730676	200.000000
227.0	30.304024	-97.730577	200.000000
228.0	30.303895	-97.730498	200.000000
229.0	30.303758	-97.730442	200.000000
230.0	30.303617	-97.730410	200.000000
231.0	30.303473	-97.730402	200.000000
232.0	30.303331	-97.730418	200.000000
233.0	30.303193	-97.730458	200.000000
234.0	30.303062	-97.730521	200.000000
235.0	30.302940	-97.730606	200.000000
236.0	30.302831	-97.730710	200.000000
237.0	30.302735	-97.730833	200.000000
238.0	30.302656	-97.730970	200.000000
239.0	30.302596	-97.731120	200.000000
240.0	30.302554	-97.731280	200.000000
241.0	30.302533	-97.731446	200.000000
242.0	30.302533	-97.731614	200.000000
243.0	30.302554	-97.731783	200.000000
244.0	30.302596	-97.731947	200.000000
245.0	30.302658	-97.732105	200.000000
246.0	30.302739	-97.732252	200.000000
247.0	30.302837	-97.732386	200.000000
248.0	30.302952	-97.732504	200.000000
249.0	30.303080	-97.732604	200.000000
250.0	30.303220	-97.732683	200.000000
251.0	30.303369	-97.732741	200.000000
252.0	30.303524	-97.732775	200.000000
253.0	30.303682	-97.732785	200.000000
254.0	30.303840	-97.732771	200.000000
255.0	30.303997	-97.732733	200.000000
256.0	30.304147	-97.732671	200.000000
257.0	30.304289	-97.732587	200.000000
258.0	30.304421	-97.732482	200.000000
259.0	30.304539	-97.732358	200.000000
260.0	30.304642	-97.732218	200.000000
261.0	30.304727	-97.732064	200.000000
262.0	30.304794	-97.731899	200.000000
263.0	30.304841	-97.731726	200.000000
264.0	30.304867	-97.731548	200.000000
265.0	30.304872	-97.731369	200.000000
266.0	30.304856	-97.731192	200.000000
267.0	30.304820	-97.731020	200.000000
268.0	30.304764	-97.730858	200.000000
269.0	30.304690	-97.730707	200.000000
270.0	30.304598	-97.730570	200.000000
271.0	30.304492	-97.730451	200.000000
272.0	30.304373	-97.730351	200.000000
273.0	30.304244	-97.730273	200.000000
274.0	30.304107	-97.730217	200.000000
275.0	30.303966	-97.730185	200.000000
276.0	30.303823	-97.730177	200.000000
277.0	30.303681	-97.730193	200.000000
278.0	30.303543	-97.730233	200.000000
279.0	30.303411	-97.730296	200.000000
280.0	30.303290	-97.730380	200.000000
281.0	30.303180	-97.730485	200.000000
282.0	30.303085	-97.730607	200.000000
283.0	30.303006	-97.730745	200.000000
284.0	30.302945	-97.730895	200.000000
285.0	30.302904	-97.731054	200.000000
286.0	30.302883	-97.731220	200.000000
287.0	30.302883	-97.731389	200.000000
288.0	30.302903	-97.731557	200.000000
289.0	30.302945	-97.731722	200.000000
290.0	30.303007	-97.731879	200.000000
291.0	30.303088	-97.732027	200.000000
292.0	30.303187	-97.732161	200.000000
293.0	30.303301	-97.732279	200.000000
294.0	30.303430	-97.732378	200.000000
295.0	30.303569	-97.732458	200.000000
296.0	30.303718	-97.732515	200.000000
297.0	30.303873	-97.732549	200.000000
298.0	30.304031	-97.732560	200.000000
299.0	30.304190	-97.732545	200.000000
300.0	30.304346	-97.732507	200.000000
301.0	30.304496	-97.732446	200.000000
302.0	30.304639	-97.732362	200.000000
303.0	30.304770	-97.732257	200.000000
304.0	30.304889	-97.732133	200.000000
305.0	30.304991	-97.731993	200.000000
306.0	30.305077	-97.731839	200.000000
307.0	30.305144	-97.731673	200.000000
308.0	30.305190	-97.731500	200.000000
309.0	30.305217	-97.731322	200.000000
310.0	30.305222	-97.731143	200.000000
311.0	30.305206	-97.730966	200.000000
312.0	30.305169	-97.730795	200.000000
313.0	30.305113	-97.730633	200.000000
314.0	30.305038	-97.730482	200.000000
315.0	30.304946	-97.730346	200.000000
316.0	30.304840	-97.730227	200.000000
317.0	30.304721	-97.730128	200.000000
318.0	30.304591	-97.730049	200.000000
319.0	30.304454	-97.729994	200.000000
320.0	30.304313	-97.729962	200.000000
321.0	30.304169	-97.729954	200.000000
322.0	30.304027	-97.729971	200.000000
323.0	30.303888	-97.730011	200.000000
324.0	30.303757	-97.730074	200.000000
325.0	30.303635	-97.730159	200.000000
326.0	30.303525	-97.730264	200.000000
327.0	30.303429	-97.730387	200.000000
328.0	30.303350	-97.730524	200.000000
329.0	30.303289	-97.730675	200.000000
330.0	30.303248	-97.730835	200.000000
331.0	30.303226	-97.731001	200.000000
332.0	30.303226	-97.731170	200.000000
333.0	30.303246	-97.731339	200.000000
334.0	30.303288	-97.731503	200.000000
335.0	30.303349	-97.731661	200.000000
336.0	30.303430	-97.731809	200.000000
337.0	30.303528	-97.731943	200.000000
338.0	30.303643	-97.732061	200.000000
339.0	30.303771	-97.732161	200.000000
340.0	30.303910	-97.732241	200.000000
341.0	30.304059	-97.732299	200.000000
342.0	30.304213	-97.732333	200.000000
343.0	30.304371	-97.732344	200.000000
344.0	30.304530	-97.732330	200.000000
345.0	30.304685	-97.732292	200.000000
346.0	30.304836	-97.732231	200.000000
347.0	30.304978	-97.732147	200.000000
348.0	30.305109	-97.732042	200.000000
349.0	30.305227	-97.731919	200.000000
350.0	30.305329	-97.731779	200.000000
351.0	30.305414	-97.731625	200.000000
352.0	30.305481	-97.731460	200.000000
353.0	30.305527	-97.731287	200.000000
354.0	30.305553	-97.731110	200.000000
355.0	30.305558	-97.730931	200.000000
356.0	30.305542	-97.730754	200.000000
357.0	30.305505	-97.730583	200.000000
358.0	30.305449	-97.730421	200.000000
359.0	30.305374	-97.730270	200.000000
360.0	30.305283	-97.730134	200.000000
361.0	30.305176	-97.730015	200.000000
362.0	30.305057	-97.729916	200.000000
363.0	30.304927	-97.729837	200.000000
364.0	30.304791	-97.729782	200.000000
365.0	30.304649	-97.729750	200.000000
366.0	30.304505	-97.729742	200.000000
367.0	30.304363	-97.729759	200.000000
368.0	30.304224	-97.729799	200.000000
369.0	30.304093	-97.729862	200.000000
370.0	30.303971	-97.729947	200.000000
371.0	30.303861	-97.730052	200.000000
372.0	30.303766	-97.730175	200.000000
373.0	30.303686	-97.730312	200.000000
374.0	30.303625	-97.730463	200.000000
375.0	30.303584	-97.730623	200.000000
376.0	30.303562	-97.730789	200.000000
377.0	30.303562	-97.730958	200.000000
378.0	30.303582	-97.731126	200.000000
379.0	30.303624	-97.731291	200.000000
380.0	30.303685	-97.731449	200.000000
381.0	30.303766	-97.731597	200.000000
382.0	30.303864	-97.731731	200.000000
383.0	30.303979	-97.731849	200.000000
384.0	30.304107	-97.731949	200.000000
385.0	30.304246	-97.732029	200.000000
386.0	30.304395	-97.732087	200.000000
387.0	30.304549	-97.732121	200.000000
388.0	30.304707	-97.732132	200.000000
389.0	30.304866	-97.732118	200.000000
390.0	30.305021	-97.732080	200.000000
391.0	30.305172	-97.732018	200.000000
392.0	30.305314	-97.731935	200.000000
393.0	30.305445	-97.731830	200.000000
394.0	30.305563	-97.731707	200.000000
395.0	30.305665	-97.731567	200.000000
396.0	30.305750	-97.731413	200.000000
397.0	30.305817	-97.731248	200.000000
398.0	30.305863	-97.731075	200.000000
399.0	30.305889	-97.730898	200.000000
400.0	30.305894	-97.730719	200.000000
401.0	30.305878	-97.730542	200.000000
402.0	30.305841	-97.730371	200.000000
403.0	30.305785	-97.730209	200.000000
404.0	30.305710	-97.730058	200.000000
405.0	30.305619	-97.729922	200.000000
406.0	30.305512	-97.729803	200.000000
407.0	30.305393	-97.729704	200.000000
408.0	30.305264	-97.729625	200.000000
409.0	30.305127	-97.729570	200.000000
410.0	30.304985	-97.729538	200.000000
411.0	30.304841	-97.729530	200.000000
412.0	30.304699	-97.729546	200.000000
413.0	30.304561	-97.729587	200.000000
414.0	30.304429	-97.729650	200.000000
415.0	30.304307	-97.729735	200.000000
416.0	30.304197	-97.729840	200.000000
417.0	30.304102	-97.729962	200.000000
418.0	30.304022	-97.730100	200.000000
419.0	30.303961	-97.730251	200.000000
420.0	30.303920	-97.730411	200.000000
421.0	30.303898	-97.730577	200.000000
422.0	30.303898	-97.730746	200.000000
423.0	30.303918	-97.730914	200.000000
424.0	30.303960	-97.731079	200.000000
425.0	30.304021	-97.731237	200.000000
426.0	30.304102	-97.731385	200.000000
427.0	30.304201	-97.731519	200.000000
428.0	30.304315	-97.731637	200.000000
429.0	30.304443	-97.731737	200.000000
430.0	30.304582	-97.731817	200.000000
431.0	30.304731	-97.731875	200.000000
432.0	30.304885	-97.731909	200.000000
433.0	30.305043	-97.731919	200.000000
434.0	30.305202	-97.731906	200.000000
435.0	30.305357	-97.731868	200.000000
436.0	30.305508	-97.731806	200.000000
437.0	30.305650	-97.731723	200.000000
438.0	30.305781	-97.731618	200.000000
439.0	30.305899	-97.731495	200.000000
440.0	30.306001	-97.731355	200.000000
441.0	30.306087	-97.731201	200.000000
442.0	30.306153	-97.731036	200.000000
443.0	30.306200	-97.730863	200.000000
444.0	30.306225	-97.730686	200.000000
445.0	30.306230	-97.730507	200.000000
446.0	30.306214	-97.730330	200.000000
447.0	30.306177	-97.730159	200.000000
448.0	30.306121	-97.729997	200.000000
449.0	30.306046	-97.729846	200.000000
450.0	30.305955	-97.729710	200.000000
451.0	30.305848	-97.729591	200.000000
452.0	30.305729	-97.729491	200.000000
453.0	30.305600	-97.729413	200.000000
454.0	30.305463	-97.729358	200.000000
455.0	30.305321	-97.729326	200.000000
456.0	30.305177	-97.729318	200.000000
457.0	30.305035	-97.729334	200.000000
458.0	30.304897	-97.729375	200.000000
459.0	30.304765	-97.729438	200.000000
460.0	30.304643	-97.729523	200.000000
461.0	30.304533	-97.729628	200.000000
462.0	30.304437	-97.729750	200.000000
463.0	30.304358	-97.729888	200.000000
464.0	30.304297	-97.730038	200.000000
465.0	30.304255	-97.730198	200.000000
466.0	30.304234	-97.730364	200.000000
467.0	30.304233	-97.730533	200.000000
468.0	30.304254	-97.730701	200.000000
469.0	30.304295	-97.730866	200.000000
470.0	30.304357	-97.731024	200.000000
471.0	30.304437	-97.731171	200.000000
472.0	30.304536	-97.731305	200.000000
473.0	30.304650	-97.731424	200.000000
474.0	30.304778	-97.731524	200.000000
475.0	30.304917	-97.731603	200.000000
476.0	30.305066	-97.731661	200.000000
477.0	30.305220	-97.731695	200.000000
478.0	30.305378	-97.731705	200.000000
479.0	30.305536	-97.731691	200.000000
480.0	30.305692	-97.731653	200.000000
481.0	30.305842	-97.731592	200.000000
482.0	30.305984	-97.731508	200.000000
483.0	30.306115	-97.731403	200.000000
484.0	30.306233	-97.731280	200.000000
485.0	30.306336	-97.731140	200.000000
486.0	30.306421	-97.730986	200.000000
487.0	30.306487	-97.730821	200.000000
488.0	30.306534	-97.730648	200.000000
489.0	30.306559	-97.730470	200.000000
490.0	30.306564	-97.730291	200.000000
491.0	30.306548	-97.730115	200.000000
492.0	30.306511	-97.729943	200.000000
493.0	30.306455	-97.729781	200.000000
494.0	30.306380	-97.729630	200.000000
495.0	30.306288	-97.729494	200.000000
496.0	30.306182	-97.729375	200.000000
497.0	30.306062	-97.729275	200.000000
498.0	30.305933	-97.729197	200.000000
499.0	30.305796	-97.729141	200.000000
500.0	30.305654	-97.729109	200.000000
501.0	30.305511	-97.729101	200.000000
502.0	30.305368	-97.729118	200.000000
503.0	30.305230	-97.729158	200.000000
504.0	30.305098	-97.729221	200.000000
505.0	30.304976	-97.729306	200.000000
506.0	30.304866	-97.729411	200.000000
507.0	30.304770	-97.729533	200.000000
508.0	30.304691	-97.729671	200.000000
509.0	30.304630	-97.729821	200.000000
510.0	30.304588	-97.729981	200.000000
511.0	30.304567	-97.730147	200.000000
512.0	30.304566	-97.730316	200.000000
513.0	30.304587	-97.730485	200.000000
514.0	30.304628	-97.730649	200.000000
515.0	30.304690	-97.730807	200.000000
516.0	30.304770	-97.730954	200.000000
517.0	30.304869	-97.731089	200.000000
518.0	30.304983	-97.731207	200.000000
519.0	30.305111	-97.731307	200.000000
520.0	30.305250	-97.731386	200.000000
521.0	30.305399	-97.731444	200.000000
522.0	30.305553	-97.731478	200.000000
523.0	30.305711	-97.731489	200.000000
524.0	30.305869	-97.731475	200.000000
525.0	30.306025	-97.731437	200.000000
526.0	30.306175	-97.731375	200.000000
527.0	30.306317	-97.731291	200.000000
528.0	30.306448	-97.731187	200.000000
529.0	30.306566	-97.731063	200.000000
530.0	30.306669	-97.730923	200.000000
531.0	30.306754	-97.730769	200.000000
532.0	30.306820	-97.730604	200.000000
533.0	30.306867	-97.730431	200.000000
534.0	30.306892	-97.730253	200.000000
535.0	30.306897	-97.730075	200.000000
536.0	30.306881	-97.729898	200.000000
537.0	30.306844	-97.729727	200.000000
538.0	30.306788	-97.729564	200.000000
539.0	30.306713	-97.729413	200.000000
540.0	30.306621	-97.729277	200.000000
541.0	30.306515	-97.729158	200.000000
542.0	30.306395	-97.729058	200.000000
543.0	30.306266	-97.728980	200.000000
544.0	30.306129	-97.728924	200.000000
545.0	30.305987	-97.728892	200.000000
546.0	30.305844	-97.728884	200.000000
547.0	30.305701	-97.728901	200.000000
548.0	30.305563	-97.728941	200.000000
549.0	30.305431	-97.729004	200.000000
550.0	30.305309	-97.729089	200.000000
551.0	30.305199	-97.729194	200.000000
552.0	30.305103	-97.729316	200.000000
553.0	30.305024	-97.729454	200.000000
554.0	30.304963	-97.729604	200.000000
555.0	30.304921	-97.729764	200.000000
556.0	30.304900	-97.729930	200.000000
557.0	30.304899	-97.730099	200.000000
558.0	30.304920	-97.730268	200.000000
559.0	30.304961	-97.730432	200.000000
560.0	30.305023	-97.730590	200.000000
561.0	30.305103	-97.730737	200.000000
562.0	30.305202	-97.730872	200.000000
563.0	30.305316	-97.730990	200.000000
564.0	30.305444	-97.731090	200.000000
565.0	30.305583	-97.731169	200.000000
566.0	30.305732	-97.731227	200.000000
567.0	30.305886	-97.731261	200.000000
568.0	30.306044	-97.731272	200.000000
569.0	30.306202	-97.731258	200.000000
570.0	30.306358	-97.731220	200.000000
571.0	30.306508	-97.731158	200.000000
572.0	30.306650	-97.731074	200.000000
573.0	30.306781	-97.730970	200.000000
574.0	30.306899	-97.730846	200.000000
575.0	30.307002	-97.730706	200.000000
576.0	30.307087	-97.730552	200.000000
577.0	30.307153	-97.730387	200.000000
578.0	30.307200	-97.730214	200.000000
579.0	30.307225	-97.730037	200.000000
580.0	30.307230	-97.729858	200.000000
581.0	30.307214	-97.729681	200.000000
582.0	30.307177	-97.729510	200.000000
583.0	30.307121	-97.729347	200.000000
584.0	30.307046	-97.729196	200.000000
585.0	30.306954	-97.729060	200.000000
586.0	30.306848	-97.728941	200.000000
587.0	30.306728	-97.728842	200.000000
588.0	30.306599	-97.728763	200.000000
589.0	30.306462	-97.728707	200.000000
590.0	30.306320	-97.728675	200.000000
591.0	30.306177	-97.728668	200.000000
592.0	30.306034	-97.728684	200.000000
593.0	30.305896	-97.728724	200.000000
594.0	30.305764	-97.728787	200.000000
595.0	30.305642	-97.728872	200.000000
596.0	30.305532	-97.728977	200.000000
597.0	30.305436	-97.729099	200.000000
598.0	30.305357	-97.729237	200.000000
599.0	30.305296	-97.729387	200.000000
600.0	30.305254	-97.729547	200.000000
601.0	30.305233	-97.729713	200.000000
602.0	30.305232	-97.729882	200.000000
603.0	30.305253	-97.730051	200.000000
604.0	30.305294	-97.730215	200.000000
605.0	30.305356	-97.730373	200.000000
606.0	30.305436	-97.730521	200.000000
607.0	30.305535	-97.730655	200.000000
608.0	30.305649	-97.730773	200.000000
609.0	30.305777	-97.730873	200.000000
610.0	30.305916	-97.730952	200.000000
611.0	30.306065	-97.731010	200.000000
612.0	30.306219	-97.731044	200.000000
613.0	30.306377	-97.731055	200.000000
614.0	30.306535	-97.731041	200.000000
615.0	30.306691	-97.731003	200.000000
616.0	30.306841	-97.730942	200.000000
617.0	30.306983	-97.730858	200.000000
618.0	30.307114	-97.730753	200.000000
619.0	30.307232	-97.730630	200.000000
620.0	30.307334	-97.730490	200.000000
621.0	30.307419	-97.730336	200.000000
622.0	30.307486	-97.730171	200.000000
623.0	30.307532	-97.729998	200.000000
624.0	30.307558	-97.729821	200.000000
625.0	30.307562	-97.729642	200.000000
626.0	30.307546	-97.729465	200.000000
627.0	30.307509	-97.729294	200.000000
628.0	30.307453	-97.729131	200.000000
629.0	30.307378	-97.728981	200.000000
630.0	30.307286	-97.728845	200.000000
631.0	30.307180	-97.728726	200.000000
632.0	30.307060	-97.728626	200.000000
633.0	30.306931	-97.728548	200.000000
634.0	30.306794	-97.728492	200.000000
635.0	30.306652	-97.728460	200.000000
636.0	30.306508	-97.728452	200.000000
637.0	30.306366	-97.728469	200.000000
638.0	30.306227	-97.728509	200.000000
639.0	30.306096	-97.728572	200.000000
640.0	30.305973	-97.728657	200.000000
641.0	30.305863	-97.728762	200.000000
642.0	30.305768	-97.728885	200.000000
643.0	30.305688	-97.729022	200.000000
644.0	30.305627	-97.729173	200.000000
645.0	30.305585	-97.729333	200.000000
646.0	30.305564	-97.729499	200.000000
647.0	30.305563	-97.729668	200.000000
648.0	30.305584	-97.729836	200.000000
649.0	30.305625	-97.730001	200.000000
650.0	30.305687	-97.730159	200.000000
651.0	30.305767	-97.730306	200.000000
652.0	30.305866	-97.730441	200.000000
653.0	30.305980	-97.730559	200.000000
654.0	30.306108	-97.730659	200.000000
655.0	30.306247	-97.730739	200.000000
656.0	30.306395	-97.730796	200.000000
657.0	30.306550	-97.730831	200.000000
658.0	30.306708	-97.730841	200.000000
659.0	30.306866	-97.730827	200.000000
660.0	30.307021	-97.730789	200.000000
661.0	30.307172	-97.730728	200.000000
662.0	30.307313	-97.730644	200.000000
663.0	30.307445	-97.730539	200.000000
664.0	30.307562	-97.730416	200.000000
665.0	30.307665	-97.730276	200.000000
666.0	30.307750	-97.730122	200.000000
667.0	30.307816	-97.729957	200.000000
668.0	30.307863	-97.729784	200.000000
669.0	30.307888	-97.729607	200.000000
670.0	30.307893	-97.729428	200.000000
671.0	30.307877	-97.729251	200.000000
672.0	30.307840	-97.729080	200.000000
673.0	30.307784	-97.728918	200.000000
674.0	30.307709	-97.728767	200.000000
675.0	30.307617	-97.728631	200.000000
676.0	30.307510	-97.728512	200.000000
677.0	30.307391	-97.728412	200.000000
678.0	30.307261	-97.728334	200.000000
679.0	30.307124	-97.728278	200.000000
680.0	30.306983	-97.728246	200.000000
681.0	30.306839	-97.728239	200.000000
682.0	30.306696	-97.728255	200.000000
683.0	30.306558	-97.728295	200.000000
684.0	30.306426	-97.728359	200.000000
685.0	30.306304	-97.728443	200.000000
686.0	30.306194	-97.728548	200.000000
687.0	30.306098	-97.728671	200.000000
688.0	30.306019	-97.728809	200.000000
689.0	30.305958	-97.728959	200.000000
690.0	30.305916	-97.729119	200.000000
691.0	30.305895	-97.729285	200.000000
692.0	30.305894	-97.729454	200.000000
693.0	30.305915	-97.729623	200.000000
694.0	30.305956	-97.729787	200.000000
695.0	30.306017	-97.729945	200.000000
696.0	30.306098	-97.730093	200.000000
697.0	30.306196	-97.730227	200.000000
698.0	30.306310	-97.730345	200.000000
699.0	30.306438	-97.730445	200.000000
700.0	30.306578	-97.730525	200.000000
701.0	30.306726	-97.730582	200.000000
702.0	30.306881	-97.730617	200.000000
703.0	30.307038	-97.730627	200.000000
704.0	30.307196	-97.730613	200.000000
705.0	30.307352	-97.730575	200.000000
706.0	30.307502	-97.730514	200.000000
707.0	30.307644	-97.730430	200.000000
708.0	30.307775	-97.730326	200.000000
709.0	30.307893	-97.730202	200.000000
710.0	30.307995	-97.730062	200.000000
711.0	30.308080	-97.729908	200.000000
712.0	30.308147	-97.729743	200.000000
713.0	30.308193	-97.729570	200.000000
714.0	30.308219	-97.729393	200.000000
715.0	30.308224	-97.729214	200.000000
716.0	30.308207	-97.729037	200.000000
717.0	30.308171	-97.728866	200.000000
718.0	30.308114	-97.728704	200.000000
719.0	30.308039	-97.728553	200.000000
720.0	30.307948	-97.728417	200.000000
721.0	30.307841	-97.728298	200.000000
722.0	30.307722	-97.728198	200.000000
723.0	30.307592	-97.728120	200.000000
724.0	30.307455	-97.728064	200.000000
725.0	30.307313	-97.728033	200.000000
726.0	30.307170	-97.728025	200.000000
727.0	30.307027	-97.728041	200.000000
728.0	30.306888	-97.728081	200.000000
729.0	30.306757	-97.728145	200.000000
730.0	30.306635	-97.728230	200.000000
731.0	30.306525	-97.728334	200.000000
732.0	30.306429	-97.728457	200.000000
733.0	30.306350	-97.728595	200.000000
734.0	30.306289	-97.728745	200.000000
735.0	30.306247	-97.728905	200.000000
736.0	30.306225	-97.729071	200.000000
737.0	30.306225	-97.729240	200.000000
738.0	30.306245	-97.729409	200.000000
739.0	30.306287	-97.729574	200.000000
740.0	30.306348	-97.729731	200.000000
741.0	30.306429	-97.729879	200.000000
742.0	30.306527	-97.730013	200.000000
743.0	30.306641	-97.730131	200.000000
744.0	30.306769	-97.730231	200.000000
745.0	30.306908	-97.730311	200.000000
746.0	30.307057	-97.730369	200.000000
747.0	30.307211	-97.730403	200.000000
748.0	30.307369	-97.730413	200.000000
749.0	30.307527	-97.730400	200.000000
750.0	30.307683	-97.730362	200.000000
751.0	30.307833	-97.730300	200.000000
752.0	30.307975	-97.730216	200.000000
753.0	30.308106	-97.730112	200.000000
754.0	30.308224	-97.729988	200.000000
755.0	30.308326	-97.729848	200.000000
756.0	30.308411	-97.729694	200.000000
757.0	30.308477	-97.729529	200.000000
758.0	30.308524	-97.729357	200.000000
759.0	30.308550	-97.729179	200.000000
760.0	30.308554	-97.729000	200.000000
761.0	30.308538	-97.728824	200.000000
762.0	30.308501	-97.728652	200.000000
763.0	30.308445	-97.728490	200.000000
764.0	30.308370	-97.728339	200.000000
765.0	30.308278	-97.728203	200.000000
766.0	30.308172	-97.728084	200.000000
767.0	30.308052	-97.727985	200.000000
768.0	30.307923	-97.727906	200.000000
769.0	30.307786	-97.727851	200.000000
770.0	30.307644	-97.727819	200.000000
771.0	30.307500	-97.727811	200.000000
772.0	30.307358	-97.727828	200.000000
773.0	30.307219	-97.727868	200.000000
774.0	30.307088	-97.727931	200.000000
775.0	30.306966	-97.728016	200.000000
776.0	30.306856	-97.728121	200.000000
777.0	30.306760	-97.728244	200.000000
778.0	30.306681	-97.728381	200.000000
779.0	30.306620	-97.728532	200.000000
780.0	30.306578	-97.728692	200.000000
781.0	30.306556	-97.728858	200.000000
782.0	30.306556	-97.729027	200.000000
783.0	30.306576	-97.729196	200.000000
784.0	30.306618	-97.729360	200.000000
785.0	30.306679	-97.729518	200.000000
786.0	30.306760	-97.729666	200.000000
787.0	30.306858	-97.729800	200.000000
788.0	30.306972	-97.729918	200.000000
789.0	30.307100	-97.730018	200.000000
790.0	30.307240	-97.730098	200.000000
791.0	30.307388	-97.730156	200.000000
792.0	30.307542	-97.730190	200.000000
793.0	30.307700	-97.730201	200.000000
794.0	30.307858	-97.730187	200.000000
795.0	30.308014	-97.730149	200.000000
796.0	30.308164	-97.730088	200.000000
797.0	30.308306	-97.730004	200.000000
798.0	30.308437	-97.729899	200.000000
799.0	30.308555	-97.729776	200.000000
800.0	30.308658	-97.729636	200.000000
801.0	30.308743	-97.729482	200.000000
802.0	30.308809	-97.729317	200.000000
803.0	30.308855	-97.729144	200.000000
804.0	30.308881	-97.728967	200.000000
805.0	30.308886	-97.728788	200.000000
806.0	30.308870	-97.728611	200.000000
807.0	30.308833	-97.728440	200.000000
808.0	30.308777	-97.728278	200.000000
809.0	30.308702	-97.728127	200.000000
810.0	30.308610	-97.727991	200.000000
811.0	30.308503	-97.727872	200.000000
812.0	30.308384	-97.727773	200.000000
813.0	30.308255	-97.727694	200.000000
814.0	30.308117	-97.727639	200.000000
815.0	30.307976	-97.727607	200.000000
816.0	30.307832	-97.727599	200.000000
817.0	30.307690	-97.727615	200.000000
818.0	30.307551	-97.727656	200.000000
819.0	30.307419	-97.727719	200.000000
820.0	30.307297	-97.727804	200.000000
821.0	30.307187	-97.727909	200.000000
822.0	30.307092	-97.728031	200.000000
823.0	30.307012	-97.728169	200.000000
824.0	30.306951	-97.728320	200.000000
825.0	30.306909	-97.728480	200.000000
826.0	30.306888	-97.728646	200.000000
827.0	30.306888	-97.728815	200.000000
828.0	30.306908	-97.728983	200.000000
829.0	30.306949	-97.729148	200.000000
830.0	30.307011	-97.729306	200.000000
831.0	30.307091	-97.729454	200.000000
832.0	30.307190	-97.729588	200.000000
833.0	30.307304	-97.729706	200.000000
834.0	30.307432	-97.729806	200.000000
835.0	30.307571	-97.729886	200.000000
836.0	30.307720	-97.729944	200.000000
837.0	30.307874	-97.729978	200.000000
838.0	30.308032	-97.729988	200.000000
839.0	30.308190	-97.729975	200.000000
840.0	30.308346	-97.729937	200.000000
841.0	30.308496	-97.729875	200.000000
842.0	30.308638	-97.729792	200.000000
843.0	30.308769	-97.729687	200.000000
844.0	30.308887	-97.729564	200.000000
845.0	30.308989	-97.729424	200.000000
846.0	30.309074	-97.729270	200.000000
847.0	30.309141	-97.729105	200.000000
848.0	30.309187	-97.728932	200.000000
849.0	30.309213	-97.728755	200.000000
850.0	30.309218	-97.728576	200.000000
851.0	30.309201	-97.728399	200.000000
852.0	30.309165	-97.728228	200.000000
853.0	30.309108	-97.728066	200.000000
854.0	30.309033	-97.727915	200.000000
855.0	30.308942	-97.727779	200.000000
856.0	30.308835	-97.727660	200.000000
857.0	30.308716	-97.727560	200.000000
858.0	30.308586	-97.727482	200.000000
859.0	30.308449	-97.727426	200.000000
860.0	30.308307	-97.727395	200.000000
861.0	30.308164	-97.727387	200.000000
862.0	30.308021	-97.727403	200.000000
863.0	30.307883	-97.727444	200.000000
864.0	30.307751	-97.727507	200.000000
865.0	30.307629	-97.727592	200.000000
866.0	30.307519	-97.727697	200.000000
867.0	30.307423	-97.727819	200.000000
868.0	30.307344	-97.727957	200.000000
869.0	30.307283	-97.728107	200.000000
870.0	30.307241	-97.728267	200.000000
871.0	30.307220	-97.728433	200.000000
872.0	30.307219	-97.728603	200.000000
873.0	30.307240	-97.728771	200.000000
874.0	30.307281	-97.728936	200.000000
875.0	30.307343	-97.729094	200.000000
876.0	30.307423	-97.729241	200.000000
877.0	30.307521	-97.729376	200.000000
878.0	30.307636	-97.729494	200.000000
879.0	30.307764	-97.729594	200.000000
880.0	30.307903	-97.729674	200.000000
881.0	30.308051	-97.729731	200.000000
882.0	30.308206	-97.729766	200.000000
883.0	30.308364	-97.729776	200.000000
884.0	30.308522	-97.729762	200.000000
885.0	30.308678	-97.729725	200.000000
886.0	30.308828	-97.729663	200.000000
887.0	30.308970	-97.729579	200.000000
888.0	30.309101	-97.729475	200.000000
889.0	30.309218	-97.729351	200.000000
890.0	30.309321	-97.729212	200.000000
891.0	30.309406	-97.729058	200.000000
892.0	30.309472	-97.728893	200.000000
893.0	30.309519	-97.728720	200.000000
894.0	30.309545	-97.728542	200.000000
895.0	30.309549	-97.728364	200.000000
896.0	30.309533	-97.728187	200.000000
897.0	30.309496	-97.728016	200.000000
898.0	30.309440	-97.727853	200.000000
899.0	30.309365	-97.727703	200.000000
900.0	30.309273	-97.727567	200.000000
901.0	30.309167	-97.727448	200.000000
902.0	30.309047	-97.727348	200.000000
903.0	30.308918	-97.727270	200.000000
904.0	30.308781	-97.727214	200.000000
905.0	30.308639	-97.727182	200.000000
906.0	30.308495	-97.727175	200.000000
907.0	30.308353	-97.727191	200.000000
908.0	30.308214	-97.727231	200.000000
909.0	30.308083	-97.727295	200.000000
910.0	30.307961	-97.727380	200.000000
911.0	30.307843	-97.727489	200.000000
912.0	30.307740	-97.727616	200.000000
913.0	30.307654	-97.727759	200.000000
914.0	30.307585	-97.727914	200.000000
915.0	30.307536	-97.728079	200.000000
916.0	30.307507	-97.728250	200.000000
917.0	30.307499	-97.728423	200.000000
918.0	30.307512	-97.728597	200.000000
919.0	30.307546	-97.728766	200.000000
920.0	30.307601	-97.728929	200.000000
921.0	30.307674	-97.729081	200.000000
922.0	30.307765	-97.729220	200.000000
923.0	30.307871	-97.729343	200.000000
924.0	30.307992	-97.729448	200.000000
925.0	30.308124	-97.729532	200.000000
926.0	30.308265	-97.729595	200.000000
927.0	30.308412	-97.729634	200.000000
928.0	30.308563	-97.729649	200.000000
929.0	30.308714	-97.729640	200.000000
