0.0	30.302069	-97.735441	200.000000
1.0	30.302080	-97.735615	200.000000
2.0	30.302111	-97.735785	200.000000
3.0	30.302163	-97.735948	200.000000
4.0	30.302233	-97.736102	200.000000
5.0	30.302322	-97.736243	200.000000
6.0	30.302427	-97.736368	200.000000
7.0	30.302546	-97.736475	200.000000
8.0	30.302677	-97.736562	200.000000
9.0	30.302817	-97.736627	200.000000
10.0	30.302963	-97.736669	200.000000
11.0	30.303114	-97.736688	200.000000
12.0	30.303265	-97.736682	200.000000
13.0	30.303413	-97.736651	200.000000
14.0	30.303557	-97.736598	200.000000
15.0	30.303701	-97.736516	200.000000
16.0	30.303834	-97.736414	200.000000
17.0	30.303954	-97.736293	200.000000
18.0	30.304058	-97.736155	200.000000
19.0	30.304146	-97.736002	200.000000
20.0	30.304216	-97.735838	200.000000
21.0	30.304265	-97.735666	200.000000
22.0	30.304294	-97.735489	200.000000
23.0	30.304302	-97.735310	200.000000
24.0	30.304288	-97.735133	200.000000
25.0	30.304255	-97.734961	200.000000
26.0	30.304201	-97.734797	200.000000
27.0	30.304129	-97.734644	200.000000
28.0	30.304040	-97.734506	200.000000
29.0	30.303935	-97.734385	200.000000
30.0	30.303818	-97.734283	200.000000
31.0	30.303690	-97.734201	200.000000
32.0	30.303554	-97.734143	200.000000
33.0	30.303413	-97.734108	200.000000
34.0	30.303270	-97.734097	200.000000
35.0	30.303128	-97.734110	200.000000
36.0	30.302989	-97.734147	200.000000
37.0	30.302857	-97.734208	200.000000
38.0	30.302734	-97.734290	200.000000
39.0	30.302623	-97.734392	200.000000
40.0	30.302526	-97.734512	200.000000
41.0	30.302445	-97.734648	200.000000
42.0	30.302381	-97.734797	200.000000
43.0	30.302338	-97.734956	200.000000
44.0	30.302314	-97.735121	200.000000
45.0	30.302311	-97.735290	200.000000
46.0	30.302330	-97.735459	200.000000
47.0	30.302369	-97.735624	200.000000
48.0	30.302428	-97.735783	200.000000
49.0	30.302507	-97.735931	200.000000
50.0	30.302604	-97.736067	200.000000
51.0	30.302716	-97.736188	200.000000
52.0	30.302843	-97.736290	200.000000
53.0	30.302982	-97.736372	200.000000
54.0	30.303130	-97.736433	200.000000
55.0	30.303284	-97.736470	200.000000
56.0	30.303442	-97.736483	200.000000
57.0	30.303601	-97.736472	200.000000
58.0	30.303757	-97.736437	200.000000
59.0	30.303909	-97.736378	200.000000
60.0	30.304052	-97.736297	200.000000
61.0	30.304185	-97.736195	200.000000
62.0	30.304305	-97.736074	200.000000
63.0	30.304410	-97.735935	200.000000
64.0	30.304498	-97.735783	200.000000
65.0	30.304567	-97.735619	200.000000
66.0	30.304617	-97.735447	200.000000
67.0	30.304646	-97.735270	200.000000
68.0	30.304653	-97.735091	200.000000
69.0	30.304640	-97.734914	200.000000
70.0	30.304606	-97.734741	200.000000
71.0	30.304553	-97.734578	200.000000
72.0	30.304481	-97.734425	200.000000
73.0	30.304391	-97.734287	200.000000
74.0	30.304287	-97.734166	200.000000
75.0	30.304170	-97.734063	200.000000
76.0	30.304042	-97.733982	200.000000
77.0	30.303906	-97.733924	200.000000
78.0	30.303765	-97.733888	200.000000
79.0	30.303622	-97.733878	200.000000
80.0	30.303479	-97.733891	200.000000
81.0	30.303341	-97.733928	200.000000
82.0	30.303209	-97.733988	200.000000
83.0	30.303086	-97.734071	200.000000
84.0	30.302974	-97.734173	200.000000
85.0	30.302877	-97.734293	200.000000
86.0	30.302796	-97.734429	200.000000
87.0	30.302733	-97.734578	200.000000
88.0	30.302689	-97.734737	200.000000
89.0	30.302666	-97.734902	200.000000
90.0	30.302663	-97.735071	200.000000
91.0	30.302682	-97.735239	200.000000
92.0	30.302721	-97.735405	200.000000
93.0	30.302780	-97.735563	200.000000
94.0	30.302859	-97.735712	200.000000
95.0	30.302956	-97.735848	200.000000
96.0	30.303068	-97.735969	200.000000
97.0	30.303195	-97.736071	200.000000
98.0	30.303334	-97.736153	200.000000
99.0	30.303482	-97.736213	200.000000
100.0	30.303636	-97.736251	200.000000
101.0	30.303794	-97.736264	200.000000
102.0	30.303953	-97.736253	200.000000
103.0	30.304109	-97.736218	200.000000
104.0	30.304261	-97.736159	200.000000
105.0	30.304404	-97.736078	200.000000
106.0	30.304537	-97.735976	200.000000
107.0	30.304657	-97.735854	200.000000
108.0	30.304762	-97.735716	200.000000
109.0	30.304850	-97.735564	200.000000
110.0	30.304919	-97.735400	200.000000
111.0	30.304969	-97.735228	200.000000
112.0	30.304997	-97.735051	200.000000
113.0	30.305005	-97.734872	200.000000
114.0	30.304992	-97.734694	200.000000
115.0	30.304958	-97.734522	200.000000
116.0	30.304905	-97.734358	200.000000
117.0	30.304832	-97.734206	200.000000
118.0	30.304743	-97.734068	200.000000
119.0	30.304639	-97.733946	200.000000
120.0	30.304521	-97.733844	200.000000
121.0	30.304394	-97.733763	200.000000
122.0	30.304258	-97.733704	200.000000
123.0	30.304117	-97.733669	200.000000
124.0	30.303974	-97.733658	200.000000
125.0	30.303831	-97.733672	200.000000
126.0	30.303693	-97.733709	200.000000
127.0	30.303560	-97.733769	200.000000
128.0	30.303437	-97.733851	200.000000
129.0	30.303326	-97.733954	200.000000
130.0	30.303229	-97.734074	200.000000
131.0	30.303148	-97.734210	200.000000
132.0	30.303085	-97.734359	200.000000
133.0	30.303041	-97.734517	200.000000
134.0	30.303018	-97.734683	200.000000
135.0	30.303015	-97.734852	200.000000
136.0	30.303033	-97.735020	200.000000
137.0	30.303073	-97.735186	200.000000
138.0	30.303132	-97.735344	200.000000
139.0	30.303211	-97.735493	200.000000
140.0	30.303307	-97.735629	200.000000
141.0	30.303420	-97.735749	200.000000
142.0	30.303547	-97.735852	200.000000
143.0	30.303685	-97.735934	200.000000
144.0	30.303833	-97.735994	200.000000
145.0	30.303988	-97.736031	200.000000
146.0	30.304146	-97.736045	200.000000
147.0	30.304304	-97.736034	200.000000
148.0	30.304461	-97.735999	200.000000
149.0	30.304612	-97.735940	200.000000
150.0	30.304756	-97.735859	200.000000
151.0	30.304889	-97.735757	200.000000
152.0	30.305009	-97.735635	200.000000
153.0	30.305114	-97.735497	200.000000
154.0	30.305202	-97.735345	200.000000
155.0	30.305271	-97.735181	200.000000
156.0	30.305320	-97.735009	200.000000
157.0	30.305349	-97.734831	200.000000
158.0	30.305357	-97.734652	200.000000
159.0	30.305344	-97.734475	200.000000
160.0	30.305310	-97.734303	200.000000
161.0	30.305257	-97.734139	200.000000
162.0	30.305184	-97.733987	200.000000
163.0	30.305095	-97.733849	200.000000
164.0	30.304991	-97.733727	200.000000
165.0	30.304873	-97.733625	200.000000
166.0	30.304745	-97.733544	200.000000
167.0	30.304609	-97.733485	200.000000
168.0	30.304469	-97.733450	200.000000
169.0	30.304325	-97.733439	200.000000
170.0	30.304183	-97.733452	200.000000
171.0	30.304044	-97.733490	200.000000
172.0	30.303912	-97.733550	200.000000
173.0	30.303789	-97.733632	200.000000
174.0	30.303678	-97.733734	200.000000
175.0	30.303581	-97.733855	200.000000
176.0	30.303500	-97.733990	200.000000
177.0	30.303437	-97.734139	200.000000
178.0	30.303393	-97.734298	200.000000
179.0	30.303369	-97.734463	200.000000
180.0	30.303367	-97.734632	200.000000
181.0	30.303385	-97.734801	200.000000
182.0	30.303424	-97.734966	200.000000
183.0	30.303484	-97.735125	200.000000
184.0	30.303562	-97.735273	200.000000
185.0	30.303659	-97.735409	200.000000
186.0	30.303772	-97.735530	200.000000
187.0	30.303898	-97.735632	200.000000
188.0	30.304037	-97.735714	200.000000
189.0	30.304185	-97.735774	200.000000
190.0	30.304339	-97.735812	200.000000
191.0	30.304497	-97.735825	200.000000
192.0	30.304656	-97.735814	200.000000
193.0	30.304812	-97.735779	200.000000
194.0	30.304964	-97.735720	200.000000
195.0	30.305107	-97.735639	200.000000
196.0	30.305240	-97.735537	200.000000
197.0	30.305360	-97.735415	200.000000
198.0	30.305465	-97.735277	200.000000
199.0	30.305553	-97.735125	200.000000
200.0	30.305622	-97.734961	200.000000
201.0	30.305672	-97.734789	200.000000
202.0	30.305701	-97.734611	200.000000
203.0	30.305708	-97.734432	200.000000
204.0	30.305695	-97.734255	200.000000
205.0	30.305661	-97.734083	200.000000
206.0	30.305608	-97.733919	200.000000
207.0	30.305536	-97.733767	200.000000
208.0	30.305446	-97.733628	200.000000
209.0	30.305342	-97.733507	200.000000
210.0	30.305224	-97.733405	200.000000
211.0	30.305097	-97.733324	200.000000
212.0	30.304961	-97.733265	200.000000
213.0	30.304820	-97.733230	200.000000
214.0	30.304677	-97.733219	200.000000
215.0	30.304534	-97.733232	200.000000
216.0	30.304396	-97.733269	200.000000
217.0	30.304263	-97.733330	200.000000
218.0	30.304140	-97.733412	200.000000
219.0	30.304029	-97.733514	200.000000
220.0	30.303932	-97.733634	200.000000
221.0	30.303851	-97.733770	200.000000
222.0	30.303788	-97.733919	200.000000
223.0	30.303744	-97.734078	200.000000
224.0	30.303721	-97.734243	200.000000
225.0	30.303718	-97.734412	200.000000
226.0	30.303736	-97.734581	200.000000
227.0	30.303775	-97.734746	200.000000
228.0	30.303835	-97.734905	200.000000
229.0	30.303914	-97.735053	200.000000
230.0	30.304010	-97.735189	200.000000
231.0	30.304123	-97.735310	200.000000
232.0	30.304250	-97.735412	200.000000
233.0	30.304388	-97.735494	200.000000
234.0	30.304536	-97.735554	200.000000
235.0	30.304690	-97.735591	200.000000
236.0	30.304848	-97.735605	200.000000
237.0	30.305007	-97.735594	200.000000
238.0	30.305164	-97.735559	200.000000
239.0	30.305315	-97.735500	200.000000
240.0	30.305459	-97.735419	200.000000
241.0	30.305592	-97.735317	200.000000
242.0	30.305712	-97.735195	200.000000
243.0	30.305817	-97.735057	200.000000
244.0	30.305904	-97.734905	200.000000
245.0	30.305974	-97.734741	200.000000
246.0	30.306023	-97.734568	200.000000
247.0	30.306052	-97.734391	200.000000
248.0	30.306060	-97.734212	200.000000
249.0	30.306046	-97.734035	200.000000
250.0	30.306013	-97.733863	200.000000
251.0	30.305959	-97.733699	200.000000
252.0	30.305887	-97.733546	200.000000
253.0	30.305797	-97.733408	200.000000
254.0	30.305693	-97.733287	200.000000
255.0	30.305576	-97.733185	200.000000
256.0	30.305448	-97.733103	200.000000
257.0	30.305312	-97.733045	200.000000
258.0	30.305171	-97.733010	200.000000
259.0	30.305028	-97.732999	200.000000
260.0	30.304885	-97.733012	200.000000
261.0	30.304747	-97.733049	200.000000
262.0	30.304615	-97.733109	200.000000
263.0	30.304492	-97.733192	200.000000
264.0	30.304380	-97.733294	200.000000
265.0	30.304283	-97.733414	200.000000
266.0	30.304202	-97.733550	200.000000
267.0	30.304139	-97.733699	200.000000
268.0	30.304095	-97.733858	200.000000
269.0	30.304072	-97.734023	200.000000
270.0	30.304069	-97.734192	200.000000
271.0	30.304087	-97.734360	200.000000
272.0	30.304127	-97.734526	200.000000
273.0	30.304186	-97.734684	200.000000
274.0	30.304265	-97.734833	200.000000
275.0	30.304361	-97.734969	200.000000
276.0	30.304474	-97.735089	200.000000
277.0	30.304601	-97.735192	200.000000
278.0	30.304739	-97.735274	200.000000
279.0	30.304887	-97.735334	200.000000
280.0	30.305042	-97.735371	200.000000
281.0	30.305200	-97.735385	200.000000
282.0	30.305358	-97.735374	200.000000
283.0	30.305515	-97.735338	200.000000
284.0	30.305666	-97.735280	200.000000
285.0	30.305810	-97.735199	200.000000
286.0	30.305943	-97.735096	200.000000
287.0	30.306063	-97.734975	200.000000
288.0	30.306168	-97.734837	200.000000
289.0	30.306256	-97.734684	200.000000
290.0	30.306325	-97.734520	200.000000
291.0	30.306374	-97.734348	200.000000
292.0	30.306403	-97.734171	200.000000
293.0	30.306411	-97.733992	200.000000
294.0	30.306398	-97.733815	200.000000
295.0	30.306364	-97.733643	200.000000
296.0	30.306310	-97.733479	200.000000
297.0	30.306238	-97.733326	200.000000
298.0	30.306149	-97.733188	200.000000
299.0	30.306044	-97.733067	200.000000
300.0	30.305927	-97.732964	200.000000
301.0	30.305799	-97.732883	200.000000
302.0	30.305663	-97.732825	200.000000
303.0	30.305522	-97.732789	200.000000
304.0	30.305379	-97.732778	200.000000
305.0	30.305237	-97.732792	200.000000
306.0	30.305098	-97.732829	200.000000
307.0	30.304966	-97.732889	200.000000
308.0	30.304843	-97.732971	200.000000
309.0	30.304732	-97.733074	200.000000
310.0	30.304634	-97.733194	200.000000
311.0	30.304554	-97.733330	200.000000
312.0	30.304490	-97.733479	200.000000
313.0	30.304446	-97.733638	200.000000
314.0	30.304422	-97.733803	200.000000
315.0	30.304419	-97.733972	200.000000
316.0	30.304437	-97.734141	200.000000
317.0	30.304475	-97.734306	200.000000
318.0	30.304534	-97.734465	200.000000
319.0	30.304613	-97.734614	200.000000
320.0	30.304709	-97.734750	200.000000
321.0	30.304821	-97.734870	200.000000
322.0	30.304948	-97.734973	200.000000
323.0	30.305086	-97.735055	200.000000
324.0	30.305233	-97.735115	200.000000
325.0	30.305387	-97.735153	200.000000
326.0	30.305545	-97.735166	200.000000
327.0	30.305703	-97.735155	200.000000
328.0	30.305859	-97.735120	200.000000
329.0	30.306010	-97.735062	200.000000
330.0	30.306153	-97.734981	200.000000
331.0	30.306286	-97.734879	200.000000
332.0	30.306405	-97.734757	200.000000
333.0	30.306510	-97.734619	200.000000
334.0	30.306597	-97.734467	200.000000
335.0	30.306666	-97.734303	200.000000
336.0	30.306715	-97.734131	200.000000
337.0	30.306744	-97.733954	200.000000
338.0	30.306751	-97.733775	200.000000
339.0	30.306737	-97.733598	200.000000
340.0	30.306703	-97.733426	200.000000
341.0	30.306649	-97.733262	200.000000
342.0	30.306577	-97.733110	200.000000
343.0	30.306487	-97.732972	200.000000
344.0	30.306382	-97.732850	200.000000
345.0	30.306264	-97.732748	200.000000
346.0	30.306136	-97.732667	200.000000
347.0	30.306000	-97.732609	200.000000
348.0	30.305858	-97.732574	200.000000
349.0	30.305715	-97.732563	200.000000
350.0	30.305572	-97.732576	200.000000
351.0	30.305433	-97.732614	200.000000
352.0	30.305300	-97.732674	200.000000
353.0	30.305177	-97.732756	200.000000
354.0	30.305065	-97.732859	200.000000
355.0	30.304968	-97.732979	200.000000
356.0	30.304886	-97.733115	200.000000
357.0	30.304823	-97.733264	200.000000
358.0	30.304779	-97.733423	200.000000
359.0	30.304755	-97.733588	200.000000
360.0	30.304751	-97.733757	200.000000
361.0	30.304769	-97.733926	200.000000
362.0	30.304808	-97.734091	200.000000
363.0	30.304867	-97.734250	200.000000
364.0	30.304946	-97.734399	200.000000
365.0	30.305042	-97.734535	200.000000
366.0	30.305154	-97.734655	200.000000
367.0	30.305280	-97.734758	200.000000
368.0	30.305419	-97.734840	200.000000
369.0	30.305566	-97.734901	200.000000
370.0	30.305720	-97.734938	200.000000
371.0	30.305878	-97.734951	200.000000
372.0	30.306036	-97.734940	200.000000
373.0	30.306192	-97.734905	200.000000
374.0	30.306343	-97.734847	200.000000
375.0	30.306486	-97.734766	200.000000
376.0	30.306619	-97.734664	200.000000
377.0	30.306738	-97.734542	200.000000
378.0	30.306843	-97.734404	200.000000
379.0	30.306930	-97.734252	200.000000
380.0	30.306999	-97.734088	200.000000
381.0	30.307048	-97.733916	200.000000
382.0	30.307076	-97.733739	200.000000
383.0	30.307084	-97.733560	200.000000
384.0	30.307070	-97.733383	200.000000
385.0	30.307036	-97.733211	200.000000
386.0	30.306982	-97.733047	200.000000
387.0	30.306909	-97.732895	200.000000
388.0	30.306820	-97.732757	200.000000
389.0	30.306715	-97.732635	200.000000
390.0	30.306597	-97.732533	200.000000
391.0	30.306469	-97.732452	200.000000
392.0	30.306332	-97.732394	200.000000
393.0	30.306191	-97.732359	200.000000
394.0	30.306048	-97.732348	200.000000
395.0	30.305905	-97.732361	200.000000
396.0	30.305766	-97.732399	200.000000
397.0	30.305633	-97.732459	200.000000
398.0	30.305510	-97.732541	200.000000
399.0	30.305398	-97.732644	200.000000
400.0	30.305301	-97.732764	200.000000
401.0	30.305219	-97.732900	200.000000
402.0	30.305156	-97.733049	200.000000
403.0	30.305111	-97.733208	200.000000
404.0	30.305087	-97.733373	200.000000
405.0	30.305084	-97.733542	200.000000
406.0	30.305102	-97.733711	200.000000
407.0	30.305141	-97.733876	200.000000
408.0	30.305200	-97.734035	200.000000
409.0	30.305278	-97.734184	200.000000
410.0	30.305375	-97.734320	200.000000
411.0	30.305487	-97.734441	200.000000
412.0	30.305613	-97.734543	200.000000
413.0	30.305751	-97.734625	200.000000
414.0	30.305899	-97.734686	200.000000
415.0	30.306053	-97.734723	200.000000
416.0	30.306210	-97.734736	200.000000
417.0	30.306369	-97.734726	200.000000
418.0	30.306525	-97.734691	200.000000
419.0	30.306676	-97.734632	200.000000
420.0	30.306819	-97.734551	200.000000
421.0	30.306952	-97.734449	200.000000
422.0	30.307071	-97.734328	200.000000
423.0	30.307176	-97.734189	200.000000
424.0	30.307263	-97.734037	200.000000
425.0	30.307332	-97.733873	200.000000
426.0	30.307381	-97.733701	200.000000
427.0	30.307409	-97.733524	200.000000
428.0	30.307417	-97.733345	200.000000
429.0	30.307403	-97.733168	200.000000
430.0	30.307369	-97.732996	200.000000
431.0	30.307315	-97.732832	200.000000
432.0	30.307242	-97.732680	200.000000
433.0	30.307153	-97.732542	200.000000
434.0	30.307048	-97.732421	200.000000
435.0	30.306930	-97.732318	200.000000
436.0	30.306802	-97.732237	200.000000
437.0	30.306665	-97.732179	200.000000
438.0	30.306524	-97.732144	200.000000
439.0	30.306380	-97.732133	200.000000
440.0	30.306238	-97.732146	200.000000
441.0	30.306099	-97.732184	200.000000
442.0	30.305966	-97.732244	200.000000
443.0	30.305843	-97.732326	200.000000
444.0	30.305731	-97.732429	200.000000
445.0	30.305633	-97.732549	200.000000
446.0	30.305552	-97.732685	200.000000
447.0	30.305489	-97.732834	200.000000
448.0	30.305444	-97.732993	200.000000
449.0	30.305420	-97.733158	200.000000
450.0	30.305417	-97.733327	200.000000
451.0	30.305435	-97.733496	200.000000
452.0	30.305474	-97.733662	200.000000
453.0	30.305533	-97.733820	200.000000
454.0	30.305611	-97.733969	200.000000
455.0	30.305707	-97.734105	200.000000
456.0	30.305820	-97.734226	200.000000
457.0	30.305946	-97.734328	200.000000
458.0	30.306084	-97.734410	200.000000
459.0	30.306232	-97.734471	200.000000
460.0	30.306386	-97.734508	200.000000
461.0	30.306543	-97.734521	200.000000
462.0	30.306701	-97.734511	200.000000
463.0	30.306858	-97.734475	200.000000
464.0	30.307009	-97.734417	200.000000
465.0	30.307152	-97.734336	200.000000
466.0	30.307284	-97.734234	200.000000
467.0	30.307404	-97.734112	200.000000
468.0	30.307508	-97.733974	200.000000
469.0	30.307596	-97.733822	200.000000
470.0	30.307664	-97.733658	200.000000
471.0	30.307713	-97.733486	200.000000
472.0	30.307742	-97.733309	200.000000
473.0	30.307749	-97.733130	200.000000
474.0	30.307736	-97.732953	200.000000
475.0	30.307701	-97.732781	200.000000
476.0	30.307647	-97.732617	200.000000
477.0	30.307575	-97.732464	200.000000
478.0	30.307485	-97.732326	200.000000
479.0	30.307380	-97.732205	200.000000
480.0	30.307262	-97.732103	200.000000
481.0	30.307134	-97.732022	200.000000
482.0	30.306998	-97.731963	200.000000
483.0	30.306856	-97.731928	200.000000
484.0	30.306713	-97.731917	200.000000
485.0	30.306570	-97.731931	200.000000
486.0	30.306431	-97.731968	200.000000
487.0	30.306298	-97.732028	200.000000
488.0	30.306175	-97.732111	200.000000
489.0	30.306063	-97.732213	200.000000
490.0	30.305966	-97.732333	200.000000
491.0	30.305884	-97.732469	200.000000
492.0	30.305821	-97.732618	200.000000
493.0	30.305776	-97.732777	200.000000
494.0	30.305752	-97.732942	200.000000
495.0	30.305749	-97.733111	200.000000
496.0	30.305767	-97.733280	200.000000
497.0	30.305806	-97.733445	200.000000
498.0	30.305865	-97.733604	200.000000
499.0	30.305943	-97.733753	200.000000
500.0	30.306039	-97.733889	200.000000
501.0	30.306152	-97.734009	200.000000
502.0	30.306278	-97.734112	200.000000
503.0	30.306416	-97.734194	200.000000
504.0	30.306564	-97.734254	200.000000
505.0	30.306717	-97.734292	200.000000
506.0	30.306875	-97.734305	200.000000
507.0	30.307033	-97.734294	200.000000
508.0	30.307189	-97.734259	200.000000
509.0	30.307340	-97.734201	200.000000
510.0	30.307484	-97.734119	200.000000
511.0	30.307616	-97.734017	200.000000
512.0	30.307736	-97.733896	200.000000
513.0	30.307840	-97.733758	200.000000
514.0	30.307928	-97.733605	200.000000
515.0	30.307996	-97.733442	200.000000
516.0	30.308045	-97.733270	200.000000
517.0	30.308074	-97.733092	200.000000
518.0	30.308081	-97.732914	200.000000
519.0	30.308067	-97.732736	200.000000
520.0	30.308033	-97.732564	200.000000
521.0	30.307979	-97.732400	200.000000
522.0	30.307907	-97.732248	200.000000
523.0	30.307817	-97.732110	200.000000
524.0	30.307712	-97.731989	200.000000
525.0	30.307594	-97.731886	200.000000
526.0	30.307466	-97.731805	200.000000
527.0	30.307330	-97.731747	200.000000
528.0	30.307188	-97.731712	200.000000
529.0	30.307045	-97.731701	200.000000
530.0	30.306902	-97.731714	200.000000
531.0	30.306763	-97.731752	200.000000
532.0	30.306630	-97.731812	200.000000
533.0	30.306507	-97.731894	200.000000
534.0	30.306395	-97.731997	200.000000
535.0	30.306297	-97.732117	200.000000
536.0	30.306216	-97.732253	200.000000
537.0	30.306153	-97.732402	200.000000
538.0	30.306108	-97.732561	200.000000
539.0	30.306084	-97.732726	200.000000
540.0	30.306081	-97.732895	200.000000
541.0	30.306099	-97.733064	200.000000
542.0	30.306138	-97.733229	200.000000
543.0	30.306197	-97.733388	200.000000
544.0	30.306275	-97.733537	200.000000
545.0	30.306371	-97.733673	200.000000
546.0	30.306483	-97.733793	200.000000
547.0	30.306610	-97.733895	200.000000
548.0	30.306748	-97.733978	200.000000
549.0	30.306895	-97.734038	200.000000
550.0	30.307049	-97.734075	200.000000
551.0	30.307207	-97.734089	200.000000
552.0	30.307365	-97.734078	200.000000
553.0	30.307521	-97.734043	200.000000
554.0	30.307672	-97.733984	200.000000
555.0	30.307815	-97.733903	200.000000
556.0	30.307948	-97.733801	200.000000
557.0	30.308068	-97.733680	200.000000
558.0	30.308172	-97.733542	200.000000
559.0	30.308259	-97.733389	200.000000
560.0	30.308328	-97.733225	200.000000
561.0	30.308377	-97.733053	200.000000
562.0	30.308406	-97.732876	200.000000
563.0	30.308413	-97.732697	200.000000
564.0	30.308399	-97.732520	200.000000
565.0	30.308365	-97.732348	200.000000
566.0	30.308311	-97.732184	200.000000
567.0	30.308238	-97.732032	200.000000
568.0	30.308149	-97.731894	200.000000
569.0	30.308044	-97.731772	200.000000
570.0	30.307926	-97.731670	200.000000
571.0	30.307798	-97.731589	200.000000
572.0	30.307661	-97.731530	200.000000
573.0	30.307520	-97.731495	200.000000
574.0	30.307377	-97.731484	200.000000
575.0	30.307234	-97.731498	200.000000
576.0	30.307095	-97.731535	200.000000
577.0	30.306962	-97.731596	200.000000
578.0	30.306839	-97.731678	200.000000
579.0	30.306727	-97.731780	200.000000
580.0	30.306629	-97.731901	200.000000
581.0	30.306548	-97.732037	200.000000
582.0	30.306484	-97.732185	200.000000
583.0	30.306440	-97.732344	200.000000
584.0	30.306416	-97.732510	200.000000
585.0	30.306413	-97.732678	200.000000
586.0	30.306431	-97.732847	200.000000
587.0	30.306470	-97.733013	200.000000
588.0	30.306529	-97.733171	200.000000
589.0	30.306607	-97.733320	200.000000
590.0	30.306703	-97.733456	200.000000
591.0	30.306815	-97.733577	200.000000
592.0	30.306942	-97.733679	200.000000
593.0	30.307080	-97.733761	200.000000
594.0	30.307227	-97.733822	200.000000
595.0	30.307381	-97.733859	200.000000
596.0	30.307539	-97.733872	200.000000
597.0	30.307697	-97.733861	200.000000
598.0	30.307853	-97.733826	200.000000
599.0	30.308004	-97.733768	200.000000
600.0	30.308147	-97.733687	200.000000
601.0	30.308280	-97.733585	200.000000
602.0	30.308399	-97.733463	200.000000
603.0	30.308504	-97.733325	200.000000
604.0	30.308591	-97.733173	200.000000
605.0	30.308660	-97.733009	200.000000
606.0	30.308709	-97.732837	200.000000
607.0	30.308738	-97.732660	200.000000
608.0	30.308745	-97.732481	200.000000
609.0	30.308731	-97.732304	200.000000
610.0	30.308697	-97.732132	200.000000
611.0	30.308643	-97.731968	200.000000
612.0	30.308570	-97.731815	200.000000
613.0	30.308481	-97.731677	200.000000
614.0	30.308376	-97.731556	200.000000
615.0	30.308258	-97.731454	200.000000
616.0	30.308129	-97.731372	200.000000
617.0	30.307993	-97.731314	200.000000
618.0	30.307852	-97.731279	200.000000
619.0	30.307708	-97.731268	200.000000
620.0	30.307565	-97.731281	200.000000
621.0	30.307426	-97.731318	200.000000
622.0	30.307293	-97.731379	200.000000
623.0	30.307170	-97.731461	200.000000
624.0	30.307058	-97.731563	200.000000
625.0	30.306961	-97.731684	200.000000
626.0	30.306879	-97.731820	200.000000
627.0	30.306816	-97.731968	200.000000
628.0	30.306771	-97.732127	200.000000
629.0	30.306747	-97.732292	200.000000
630.0	30.306744	-97.732461	200.000000
631.0	30.306762	-97.732630	200.000000
632.0	30.306801	-97.732795	200.000000
633.0	30.306860	-97.732954	200.000000
634.0	30.306938	-97.733103	200.000000
635.0	30.307034	-97.733239	200.000000
636.0	30.307146	-97.733359	200.000000
637.0	30.307273	-97.733462	200.000000
638.0	30.307411	-97.733544	200.000000
639.0	30.307558	-97.733604	200.000000
640.0	30.307712	-97.733641	200.000000
641.0	30.307870	-97.733655	200.000000
642.0	30.308028	-97.733644	200.000000
643.0	30.308184	-97.733609	200.000000
644.0	30.308335	-97.733550	200.000000
645.0	30.308478	-97.733469	200.000000
646.0	30.308611	-97.733367	200.000000
647.0	30.308730	-97.733245	200.000000
648.0	30.308835	-97.733107	200.000000
649.0	30.308922	-97.732955	200.000000
650.0	30.308991	-97.732791	200.000000
651.0	30.309040	-97.732619	200.000000
652.0	30.309068	-97.732442	200.000000
653.0	30.309075	-97.732263	200.000000
654.0	30.309062	-97.732085	200.000000
655.0	30.309027	-97.731913	200.000000
656.0	30.308973	-97.731749	200.000000
657.0	30.308901	-97.731597	200.000000
658.0	30.308811	-97.731459	200.000000
659.0	30.308706	-97.731338	200.000000
660.0	30.308588	-97.731235	200.000000
661.0	30.308460	-97.731154	200.000000
662.0	30.308324	-97.731096	200.000000
663.0	30.308182	-97.731060	200.000000
664.0	30.308039	-97.731050	200.000000
665.0	30.307896	-97.731063	200.000000
666.0	30.307757	-97.731100	200.000000
667.0	30.307624	-97.731161	200.000000
668.0	30.307500	-97.731243	200.000000
669.0	30.307389	-97.731345	200.000000
670.0	30.307291	-97.731465	200.000000
671.0	30.307210	-97.731601	200.000000
672.0	30.307146	-97.731750	200.000000
673.0	30.307102	-97.731909	200.000000
674.0	30.307078	-97.732074	200.000000
675.0	30.307075	-97.732243	200.000000
676.0	30.307093	-97.732412	200.000000
677.0	30.307131	-97.732577	200.000000
678.0	30.307190	-97.732736	200.000000
679.0	30.307268	-97.732885	200.000000
680.0	30.307365	-97.733021	200.000000
681.0	30.307477	-97.733141	200.000000
682.0	30.307603	-97.733243	200.000000
683.0	30.307741	-97.733326	200.000000
684.0	30.307889	-97.733386	200.000000
685.0	30.308043	-97.733423	200.000000
686.0	30.308200	-97.733436	200.000000
687.0	30.308358	-97.733426	200.000000
688.0	30.308514	-97.733390	200.000000
689.0	30.308665	-97.733332	200.000000
690.0	30.308808	-97.733251	200.000000
691.0	30.308941	-97.733149	200.000000
692.0	30.309061	-97.733027	200.000000
693.0	30.309165	-97.732889	200.000000
694.0	30.309252	-97.732737	200.000000
695.0	30.309321	-97.732573	200.000000
696.0	30.309370	-97.732401	200.000000
697.0	30.309398	-97.732223	200.000000
698.0	30.309406	-97.732044	200.000000
699.0	30.309392	-97.731867	200.000000
700.0	30.309358	-97.731695	200.000000
701.0	30.309304	-97.731531	200.000000
702.0	30.309231	-97.731379	200.000000
703.0	30.309141	-97.731241	200.000000
704.0	30.309036	-97.731119	200.000000
705.0	30.308919	-97.731017	200.000000
706.0	30.308790	-97.730936	200.000000
707.0	30.308654	-97.730877	200.000000
708.0	30.308513	-97.730842	200.000000
709.0	30.308369	-97.730831	200.000000
710.0	30.308226	-97.730845	200.000000
711.0	30.308087	-97.730882	200.000000
712.0	30.307954	-97.730942	200.000000
713.0	30.307831	-97.731024	200.000000
714.0	30.307719	-97.731127	200.000000
715.0	30.307622	-97.731247	200.000000
716.0	30.307540	-97.731383	200.000000
717.0	30.307477	-97.731532	200.000000
718.0	30.307432	-97.731691	200.000000
719.0	30.307408	-97.731856	200.000000
720.0	30.307405	-97.732025	200.000000
721.0	30.307423	-97.732194	200.000000
722.0	30.307462	-97.732359	200.000000
723.0	30.307521	-97.732518	200.000000
724.0	30.307599	-97.732666	200.000000
725.0	30.307695	-97.732802	200.000000
726.0	30.307807	-97.732923	200.000000
727.0	30.307934	-97.733025	200.000000
728.0	30.308072	-97.733107	200.000000
729.0	30.308219	-97.733168	200.000000
730.0	30.308373	-97.733205	200.000000
731.0	30.308530	-97.733218	200.000000
732.0	30.308689	-97.733207	200.000000
733.0	30.308845	-97.733172	200.000000
734.0	30.308996	-97.733114	200.000000
735.0	30.309139	-97.733032	200.000000
736.0	30.309271	-97.732930	200.000000
737.0	30.309391	-97.732809	200.000000
738.0	30.309495	-97.732671	200.000000
739.0	30.309583	-97.732518	200.000000
740.0	30.309652	-97.732354	200.000000
741.0	30.309701	-97.732182	200.000000
742.0	30.309729	-97.732005	200.000000
743.0	30.309736	-97.731826	200.000000
744.0	30.309723	-97.731649	200.000000
745.0	30.309688	-97.731477	200.000000
746.0	30.309634	-97.731313	200.000000
747.0	30.309561	-97.731161	200.000000
748.0	30.309472	-97.731022	200.000000
749.0	30.309367	-97.730901	200.000000
750.0	30.309249	-97.730799	200.000000
751.0	30.309121	-97.730718	200.000000
752.0	30.308984	-97.730659	200.000000
753.0	30.308843	-97.730624	200.000000
754.0	30.308699	-97.730613	200.000000
755.0	30.308557	-97.730626	200.000000
756.0	30.308417	-97.730664	200.000000
757.0	30.308285	-97.730724	200.000000
758.0	30.308161	-97.730806	200.000000
759.0	30.308050	-97.730909	200.000000
760.0	30.307952	-97.731029	200.000000
761.0	30.307871	-97.731165	200.000000
762.0	30.307807	-97.731314	200.000000
763.0	30.307763	-97.731472	200.000000
764.0	30.307739	-97.731638	200.000000
765.0	30.307736	-97.731807	200.000000
766.0	30.307754	-97.731976	200.000000
767.0	30.307793	-97.732141	200.000000
768.0	30.307852	-97.732300	200.000000
769.0	30.307930	-97.732449	200.000000
770.0	30.308026	-97.732586	200.000000
771.0	30.308139	-97.732706	200.000000
772.0	30.308265	-97.732809	200.000000
773.0	30.308403	-97.732891	200.000000
774.0	30.308551	-97.732952	200.000000
775.0	30.308705	-97.732989	200.000000
776.0	30.308863	-97.733003	200.000000
777.0	30.309021	-97.732992	200.000000
778.0	30.309177	-97.732957	200.000000
779.0	30.309328	-97.732899	200.000000
780.0	30.309472	-97.732818	200.000000
781.0	30.309604	-97.732716	200.000000
782.0	30.309724	-97.732595	200.000000
783.0	30.309829	-97.732457	200.000000
784.0	30.309916	-97.732305	200.000000
785.0	30.309985	-97.732141	200.000000
786.0	30.310034	-97.731969	200.000000
787.0	30.310063	-97.731792	200.000000
788.0	30.310070	-97.731613	200.000000
789.0	30.310057	-97.731436	200.000000
790.0	30.310022	-97.731264	200.000000
791.0	30.309968	-97.731101	200.000000
792.0	30.309896	-97.730949	200.000000
793.0	30.309806	-97.730811	200.000000
794.0	30.309702	-97.730689	200.000000
795.0	30.309584	-97.730588	200.000000
796.0	30.309456	-97.730507	200.000000
797.0	30.309319	-97.730448	200.000000
798.0	30.309178	-97.730413	200.000000
799.0	30.309035	-97.730403	200.000000
800.0	30.308892	-97.730416	200.000000
801.0	30.308753	-97.730454	200.000000
802.0	30.308620	-97.730514	200.000000
803.0	30.308497	-97.730597	200.000000
804.0	30.308386	-97.730699	200.000000
805.0	30.308288	-97.730820	200.000000
806.0	30.308207	-97.730956	200.000000
807.0	30.308143	-97.731105	200.000000
808.0	30.308099	-97.731264	200.000000
809.0	30.308075	-97.731430	200.000000
810.0	30.308072	-97.731599	200.000000
811.0	30.308090	-97.731768	200.000000
812.0	30.308129	-97.731933	200.000000
813.0	30.308188	-97.732092	200.000000
814.0	30.308267	-97.732241	200.000000
815.0	30.308363	-97.732377	200.000000
816.0	30.308475	-97.732498	200.000000
817.0	30.308602	-97.732600	200.000000
818.0	30.308740	-97.732683	200.000000
819.0	30.308888	-97.732743	200.000000
820.0	30.309042	-97.732781	200.000000
821.0	30.309199	-97.732794	200.000000
822.0	30.309358	-97.732784	200.000000
823.0	30.309514	-97.732749	200.000000
824.0	30.309665	-97.732690	200.000000
825.0	30.309808	-97.732610	200.000000
826.0	30.309941	-97.732508	200.000000
827.0	30.310061	-97.732386	200.000000
828.0	30.310165	-97.732248	200.000000
829.0	30.310253	-97.732096	200.000000
830.0	30.310322	-97.731933	200.000000
831.0	30.310371	-97.731761	200.000000
832.0	30.310399	-97.731584	200.000000
833.0	30.310407	-97.731405	200.000000
834.0	30.310393	-97.731228	200.000000
835.0	30.310359	-97.731056	200.000000
836.0	30.310305	-97.730892	200.000000
837.0	30.310233	-97.730740	200.000000
838.0	30.310143	-97.730602	200.000000
839.0	30.310038	-97.730481	200.000000
840.0	30.309921	-97.730379	200.000000
841.0	30.309792	-97.730298	200.000000
842.0	30.309656	-97.730240	200.000000
843.0	30.309515	-97.730205	200.000000
844.0	30.309371	-97.730194	200.000000
845.0	30.309229	-97.730208	200.000000
846.0	30.309090	-97.730245	200.000000
847.0	30.308957	-97.730306	200.000000
848.0	30.308834	-97.730388	200.000000
849.0	30.308722	-97.730491	200.000000
850.0	30.308625	-97.730611	200.000000
851.0	30.308544	-97.730748	200.000000
852.0	30.308480	-97.730897	200.000000
853.0	30.308436	-97.731056	200.000000
854.0	30.308412	-97.731221	200.000000
855.0	30.308409	-97.731390	200.000000
856.0	30.308427	-97.731559	200.000000
857.0	30.308466	-97.731725	200.000000
858.0	30.308525	-97.731884	200.000000
859.0	30.308604	-97.732033	200.000000
860.0	30.308700	-97.732169	200.000000
861.0	30.308812	-97.732290	200.000000
862.0	30.308939	-97.732392	200.000000
863.0	30.309077	-97.732474	200.000000
864.0	30.309224	-97.732535	200.000000
865.0	30.309378	-97.732573	200.000000
866.0	30.309536	-97.732586	200.000000
867.0	30.309694	-97.732575	200.000000
868.0	30.309851	-97.732541	200.000000
869.0	30.310002	-97.732482	200.000000
870.0	30.310145	-97.732401	200.000000
871.0	30.310278	-97.732299	200.000000
872.0	30.310397	-97.732178	200.000000
873.0	30.310502	-97.732040	200.000000
874.0	30.310589	-97.731888	200.000000
875.0	30.310658	-97.731724	200.000000
876.0	30.310708	-97.731552	200.000000
877.0	30.310736	-97.731375	200.000000
878.0	30.310743	-97.731197	200.000000
879.0	30.310730	-97.731020	200.000000
880.0	30.310696	-97.730848	200.000000
881.0	30.310642	-97.730684	200.000000
882.0	30.310569	-97.730532	200.000000
883.0	30.310480	-97.730394	200.000000
884.0	30.310375	-97.730273	200.000000
885.0	30.310257	-97.730171	200.000000
886.0	30.310129	-97.730090	200.000000
887.0	30.309993	-97.730031	200.000000
888.0	30.309852	-97.729997	200.000000
889.0	30.309708	-97.729986	200.000000
890.0	30.309565	-97.729999	200.000000
891.0	30.309426	-97.730037	200.000000
892.0	30.309294	-97.730098	200.000000
893.0	30.309171	-97.730180	200.000000
894.0	30.309059	-97.730282	200.000000
895.0	30.308962	-97.730403	200.000000
896.0	30.308880	-97.730539	200.000000
897.0	30.308817	-97.730688	200.000000
898.0	30.308773	-97.730847	200.000000
899.0	30.308749	-97.731013	200.000000
900.0	30.308746	-97.731182	200.000000
901.0	30.308764	-97.731351	200.000000
902.0	30.308803	-97.731516	200.000000
903.0	30.308862	-97.731675	200.000000
904.0	30.308940	-97.731824	200.000000
905.0	30.309036	-97.731961	200.000000
906.0	30.309149	-97.732081	200.000000
907.0	30.309275	-97.732184	200.000000
908.0	30.309414	-97.732266	200.000000
909.0	30.309561	-97.732327	200.000000
910.0	30.309715	-97.732364	200.000000
911.0	30.309865	-97.732382	200.000000
912.0	30.310016	-97.732376	200.000000
913.0	30.310165	-97.732346	200.000000
914.0	30.310309	-97.732292	200.000000
915.0	30.310444	-97.732216	200.000000
916.0	30.310570	-97.732119	200.000000
917.0	30.310682	-97.732002	200.000000
918.0	30.310779	-97.731869	200.000000
919.0	30.310859	-97.731721	200.000000
920.0	30.310920	-97.731562	200.000000
921.0	30.310962	-97.731395	200.000000
922.0	30.310983	-97.731223	200.000000
923.0	30.310983	-97.731049	200.000000
924.0	30.310962	-97.730876	200.000000
925.0	30.310920	-97.730709	200.000000
926.0	30.310859	-97.730550	200.000000
927.0	30.310779	-97.730402	200.000000
928.0	30.310682	-97.730269	200.000000
929.0	30.310570	-97.730152	200.000000
