0.0	30.301637	-97.734528	200.000000
1.0	30.301648	-97.734354	200.000000
2.0	30.301679	-97.734184	200.000000
3.0	30.301731	-97.734020	200.000000
4.0	30.301802	-97.733867	200.000000
5.0	30.301890	-97.733726	200.000000
6.0	30.301995	-97.733601	200.000000
7.0	30.302114	-97.733494	200.000000
8.0	30.302245	-97.733407	200.000000
9.0	30.302385	-97.733341	200.000000
10.0	30.302532	-97.733299	200.000000
11.0	30.302682	-97.733281	200.000000
12.0	30.302833	-97.733287	200.000000
13.0	30.302981	-97.733317	200.000000
14.0	30.303125	-97.733371	200.000000
15.0	30.303268	-97.733442	200.000000
16.0	30.303401	-97.733535	200.000000
17.0	30.303521	-97.733646	200.000000
18.0	30.303626	-97.733775	200.000000
19.0	30.303714	-97.733918	200.000000
20.0	30.303783	-97.734072	200.000000
21.0	30.303832	-97.734234	200.000000
22.0	30.303861	-97.734401	200.000000
23.0	30.303869	-97.734571	200.000000
24.0	30.303856	-97.734738	200.000000
25.0	30.303822	-97.734900	200.000000
26.0	30.303768	-97.735054	200.000000
27.0	30.303696	-97.735197	200.000000
28.0	30.303606	-97.735326	200.000000
29.0	30.303502	-97.735437	200.000000
30.0	30.303385	-97.735529	200.000000
31.0	30.303257	-97.735601	200.000000
32.0	30.303121	-97.735650	200.000000
33.0	30.302980	-97.735675	200.000000
34.0	30.302836	-97.735676	200.000000
35.0	30.302694	-97.735653	200.000000
36.0	30.302555	-97.735606	200.000000
37.0	30.302423	-97.735536	200.000000
38.0	30.302300	-97.735444	200.000000
39.0	30.302189	-97.735332	200.000000
40.0	30.302091	-97.735202	200.000000
41.0	30.302010	-97.735056	200.000000
42.0	30.301947	-97.734898	200.000000
43.0	30.301903	-97.734729	200.000000
44.0	30.301880	-97.734554	200.000000
45.0	30.301877	-97.734375	200.000000
46.0	30.301895	-97.734197	200.000000
47.0	30.301934	-97.734022	200.000000
48.0	30.301994	-97.733853	200.000000
49.0	30.302072	-97.733695	200.000000
50.0	30.302169	-97.733549	200.000000
51.0	30.302281	-97.733419	200.000000
52.0	30.302408	-97.733307	200.000000
53.0	30.302547	-97.733215	200.000000
54.0	30.302694	-97.733145	200.000000
55.0	30.302849	-97.733098	200.000000
56.0	30.303007	-97.733075	200.000000
57.0	30.303165	-97.733076	200.000000
58.0	30.303322	-97.733101	200.000000
59.0	30.303473	-97.733150	200.000000
60.0	30.303617	-97.733221	200.000000
61.0	30.303750	-97.733314	200.000000
62.0	30.303870	-97.733425	200.000000
63.0	30.303974	-97.733554	200.000000
64.0	30.304062	-97.733696	200.000000
65.0	30.304131	-97.733850	200.000000
66.0	30.304181	-97.734013	200.000000
67.0	30.304209	-97.734180	200.000000
68.0	30.304217	-97.734349	200.000000
69.0	30.304204	-97.734517	200.000000
70.0	30.304170	-97.734679	200.000000
71.0	30.304116	-97.734833	200.000000
72.0	30.304044	-97.734976	200.000000
73.0	30.303955	-97.735104	200.000000
74.0	30.303850	-97.735216	200.000000
75.0	30.303733	-97.735308	200.000000
76.0	30.303605	-97.735380	200.000000
77.0	30.303469	-97.735429	200.000000
78.0	30.303328	-97.735454	200.000000
79.0	30.303185	-97.735455	200.000000
80.0	30.303042	-97.735432	200.000000
81.0	30.302903	-97.735385	200.000000
82.0	30.302771	-97.735315	200.000000
83.0	30.302648	-97.735223	200.000000
84.0	30.302537	-97.735111	200.000000
85.0	30.302440	-97.734981	200.000000
86.0	30.302359	-97.734835	200.000000
87.0	30.302295	-97.734676	200.000000
88.0	30.302251	-97.734508	200.000000
89.0	30.302228	-97.734333	200.000000
90.0	30.302225	-97.734154	200.000000
91.0	30.302243	-97.733976	200.000000
92.0	30.302282	-97.733801	200.000000
93.0	30.302342	-97.733632	200.000000
94.0	30.302420	-97.733473	200.000000
95.0	30.302517	-97.733328	200.000000
96.0	30.302630	-97.733198	200.000000
97.0	30.302756	-97.733086	200.000000
98.0	30.302895	-97.732994	200.000000
99.0	30.303043	-97.732924	200.000000
100.0	30.303197	-97.732876	200.000000
101.0	30.303355	-97.732853	200.000000
102.0	30.303513	-97.732855	200.000000
103.0	30.303670	-97.732880	200.000000
104.0	30.303821	-97.732929	200.000000
105.0	30.303965	-97.733000	200.000000
106.0	30.304098	-97.733092	200.000000
107.0	30.304218	-97.733204	200.000000
108.0	30.304322	-97.733332	200.000000
109.0	30.304410	-97.733475	200.000000
110.0	30.304479	-97.733629	200.000000
111.0	30.304529	-97.733792	200.000000
112.0	30.304557	-97.733959	200.000000
113.0	30.304565	-97.734128	200.000000
114.0	30.304552	-97.734296	200.000000
115.0	30.304518	-97.734458	200.000000
116.0	30.304464	-97.734612	200.000000
117.0	30.304392	-97.734755	200.000000
118.0	30.304303	-97.734883	200.000000
119.0	30.304198	-97.734995	200.000000
120.0	30.304081	-97.735087	200.000000
121.0	30.303953	-97.735159	200.000000
122.0	30.303817	-97.735207	200.000000
123.0	30.303676	-97.735233	200.000000
124.0	30.303533	-97.735234	200.000000
125.0	30.303390	-97.735211	200.000000
126.0	30.303251	-97.735164	200.000000
127.0	30.303119	-97.735094	200.000000
128.0	30.302996	-97.735002	200.000000
129.0	30.302885	-97.734890	200.000000
130.0	30.302788	-97.734759	200.000000
131.0	30.302707	-97.734614	200.000000
132.0	30.302643	-97.734455	200.000000
133.0	30.302600	-97.734287	200.000000
134.0	30.302576	-97.734112	200.000000
135.0	30.302573	-97.733933	200.000000
136.0	30.302591	-97.733754	200.000000
137.0	30.302631	-97.733579	200.000000
138.0	30.302690	-97.733411	200.000000
139.0	30.302769	-97.733252	200.000000
140.0	30.302865	-97.733107	200.000000
141.0	30.302978	-97.732976	200.000000
142.0	30.303104	-97.732864	200.000000
143.0	30.303243	-97.732772	200.000000
144.0	30.303391	-97.732702	200.000000
145.0	30.303545	-97.732655	200.000000
146.0	30.303703	-97.732632	200.000000
147.0	30.303862	-97.732633	200.000000
148.0	30.304018	-97.732659	200.000000
149.0	30.304169	-97.732708	200.000000
150.0	30.304313	-97.732779	200.000000
151.0	30.304446	-97.732871	200.000000
152.0	30.304566	-97.732983	200.000000
153.0	30.304671	-97.733111	200.000000
154.0	30.304758	-97.733254	200.000000
155.0	30.304827	-97.733408	200.000000
156.0	30.304877	-97.733570	200.000000
157.0	30.304906	-97.733738	200.000000
158.0	30.304913	-97.733907	200.000000
159.0	30.304900	-97.734074	200.000000
160.0	30.304866	-97.734237	200.000000
161.0	30.304812	-97.734391	200.000000
162.0	30.304740	-97.734534	200.000000
163.0	30.304651	-97.734662	200.000000
164.0	30.304546	-97.734774	200.000000
165.0	30.304429	-97.734866	200.000000
166.0	30.304301	-97.734937	200.000000
167.0	30.304165	-97.734986	200.000000
168.0	30.304024	-97.735011	200.000000
169.0	30.303881	-97.735013	200.000000
170.0	30.303738	-97.734989	200.000000
171.0	30.303599	-97.734942	200.000000
172.0	30.303467	-97.734872	200.000000
173.0	30.303344	-97.734780	200.000000
174.0	30.303233	-97.734668	200.000000
175.0	30.303136	-97.734538	200.000000
176.0	30.303055	-97.734392	200.000000
177.0	30.302991	-97.734234	200.000000
178.0	30.302947	-97.734065	200.000000
179.0	30.302924	-97.733890	200.000000
180.0	30.302921	-97.733711	200.000000
181.0	30.302939	-97.733533	200.000000
182.0	30.302978	-97.733358	200.000000
183.0	30.303038	-97.733189	200.000000
184.0	30.303116	-97.733031	200.000000
185.0	30.303213	-97.732885	200.000000
186.0	30.303325	-97.732755	200.000000
187.0	30.303452	-97.732643	200.000000
188.0	30.303591	-97.732551	200.000000
189.0	30.303738	-97.732480	200.000000
190.0	30.303893	-97.732433	200.000000
191.0	30.304051	-97.732410	200.000000
192.0	30.304209	-97.732411	200.000000
193.0	30.304366	-97.732437	200.000000
194.0	30.304517	-97.732485	200.000000
195.0	30.304660	-97.732557	200.000000
196.0	30.304793	-97.732649	200.000000
197.0	30.304913	-97.732761	200.000000
198.0	30.305018	-97.732889	200.000000
199.0	30.305106	-97.733032	200.000000
200.0	30.305175	-97.733186	200.000000
201.0	30.305224	-97.733348	200.000000
202.0	30.305253	-97.733516	200.000000
203.0	30.305261	-97.733685	200.000000
204.0	30.305247	-97.733852	200.000000
205.0	30.305214	-97.734014	200.000000
206.0	30.305160	-97.734168	200.000000
207.0	30.305087	-97.734311	200.000000
208.0	30.304998	-97.734440	200.000000
209.0	30.304894	-97.734551	200.000000
210.0	30.304776	-97.734643	200.000000
211.0	30.304648	-97.734715	200.000000
212.0	30.304512	-97.734764	200.000000
213.0	30.304371	-97.734789	200.000000
214.0	30.304228	-97.734790	200.000000
215.0	30.304086	-97.734767	200.000000
216.0	30.303947	-97.734720	200.000000
217.0	30.303814	-97.734650	200.000000
218.0	30.303691	-97.734558	200.000000
219.0	30.303580	-97.734446	200.000000
220.0	30.303483	-97.734315	200.000000
221.0	30.303402	-97.734170	200.000000
222.0	30.303339	-97.734011	200.000000
223.0	30.303295	-97.733843	200.000000
224.0	30.303271	-97.733667	200.000000
225.0	30.303268	-97.733489	200.000000
226.0	30.303286	-97.733310	200.000000
227.0	30.303326	-97.733135	200.000000
228.0	30.303385	-97.732967	200.000000
229.0	30.303464	-97.732808	200.000000
230.0	30.303560	-97.732662	200.000000
231.0	30.303673	-97.732532	200.000000
232.0	30.303799	-97.732420	200.000000
233.0	30.303938	-97.732328	200.000000
234.0	30.304086	-97.732258	200.000000
235.0	30.304240	-97.732211	200.000000
236.0	30.304398	-97.732188	200.000000
237.0	30.304556	-97.732189	200.000000
238.0	30.304713	-97.732214	200.000000
239.0	30.304864	-97.732263	200.000000
240.0	30.305008	-97.732334	200.000000
241.0	30.305141	-97.732427	200.000000
242.0	30.305261	-97.732538	200.000000
243.0	30.305365	-97.732667	200.000000
244.0	30.305453	-97.732809	200.000000
245.0	30.305522	-97.732963	200.000000
246.0	30.305572	-97.733126	200.000000
247.0	30.305600	-97.733293	200.000000
248.0	30.305608	-97.733462	200.000000
249.0	30.305595	-97.733630	200.000000
250.0	30.305561	-97.733792	200.000000
251.0	30.305507	-97.733946	200.000000
252.0	30.305435	-97.734089	200.000000
253.0	30.305345	-97.734217	200.000000
254.0	30.305241	-97.734328	200.000000
255.0	30.305123	-97.734421	200.000000
256.0	30.304995	-97.734492	200.000000
257.0	30.304859	-97.734541	200.000000
258.0	30.304718	-97.734566	200.000000
259.0	30.304575	-97.734567	200.000000
260.0	30.304433	-97.734544	200.000000
261.0	30.304294	-97.734497	200.000000
262.0	30.304162	-97.734427	200.000000
263.0	30.304039	-97.734335	200.000000
264.0	30.303927	-97.734223	200.000000
265.0	30.303830	-97.734093	200.000000
266.0	30.303749	-97.733947	200.000000
267.0	30.303686	-97.733789	200.000000
268.0	30.303642	-97.733620	200.000000
269.0	30.303618	-97.733445	200.000000
270.0	30.303615	-97.733266	200.000000
271.0	30.303634	-97.733088	200.000000
272.0	30.303673	-97.732913	200.000000
273.0	30.303732	-97.732744	200.000000
274.0	30.303811	-97.732585	200.000000
275.0	30.303907	-97.732440	200.000000
276.0	30.304020	-97.732310	200.000000
277.0	30.304147	-97.732197	200.000000
278.0	30.304285	-97.732105	200.000000
279.0	30.304433	-97.732035	200.000000
280.0	30.304587	-97.731988	200.000000
281.0	30.304745	-97.731965	200.000000
282.0	30.304904	-97.731966	200.000000
283.0	30.305060	-97.731991	200.000000
284.0	30.305211	-97.732040	200.000000
285.0	30.305355	-97.732112	200.000000
286.0	30.305488	-97.732204	200.000000
287.0	30.305608	-97.732316	200.000000
288.0	30.305713	-97.732444	200.000000
289.0	30.305800	-97.732587	200.000000
290.0	30.305869	-97.732741	200.000000
291.0	30.305919	-97.732903	200.000000
292.0	30.305948	-97.733070	200.000000
293.0	30.305955	-97.733240	200.000000
294.0	30.305942	-97.733407	200.000000
295.0	30.305908	-97.733569	200.000000
296.0	30.305854	-97.733723	200.000000
297.0	30.305782	-97.733866	200.000000
298.0	30.305693	-97.733994	200.000000
299.0	30.305588	-97.734106	200.000000
300.0	30.305471	-97.734198	200.000000
301.0	30.305343	-97.734270	200.000000
302.0	30.305207	-97.734318	200.000000
303.0	30.305066	-97.734344	200.000000
304.0	30.304922	-97.734345	200.000000
305.0	30.304780	-97.734322	200.000000
306.0	30.304641	-97.734275	200.000000
307.0	30.304509	-97.734205	200.000000
308.0	30.304386	-97.734113	200.000000
309.0	30.304275	-97.734000	200.000000
310.0	30.304177	-97.733870	200.000000
311.0	30.304096	-97.733725	200.000000
312.0	30.304033	-97.733566	200.000000
313.0	30.303989	-97.733398	200.000000
314.0	30.303965	-97.733223	200.000000
315.0	30.303962	-97.733045	200.000000
316.0	30.303980	-97.732866	200.000000
317.0	30.304018	-97.732691	200.000000
318.0	30.304078	-97.732523	200.000000
319.0	30.304156	-97.732365	200.000000
320.0	30.304252	-97.732219	200.000000
321.0	30.304364	-97.732089	200.000000
322.0	30.304491	-97.731977	200.000000
323.0	30.304629	-97.731885	200.000000
324.0	30.304777	-97.731815	200.000000
325.0	30.304930	-97.731769	200.000000
326.0	30.305088	-97.731746	200.000000
327.0	30.305246	-97.731747	200.000000
328.0	30.305403	-97.731773	200.000000
329.0	30.305554	-97.731822	200.000000
330.0	30.305697	-97.731893	200.000000
331.0	30.305830	-97.731986	200.000000
332.0	30.305949	-97.732097	200.000000
333.0	30.306054	-97.732226	200.000000
334.0	30.306141	-97.732369	200.000000
335.0	30.306210	-97.732523	200.000000
336.0	30.306259	-97.732686	200.000000
337.0	30.306288	-97.732853	200.000000
338.0	30.306295	-97.733023	200.000000
339.0	30.306281	-97.733190	200.000000
340.0	30.306247	-97.733353	200.000000
341.0	30.306193	-97.733507	200.000000
342.0	30.306121	-97.733650	200.000000
343.0	30.306031	-97.733779	200.000000
344.0	30.305926	-97.733890	200.000000
345.0	30.305809	-97.733983	200.000000
346.0	30.305680	-97.734054	200.000000
347.0	30.305544	-97.734103	200.000000
348.0	30.305403	-97.734129	200.000000
349.0	30.305259	-97.734130	200.000000
350.0	30.305117	-97.734107	200.000000
351.0	30.304977	-97.734061	200.000000
352.0	30.304845	-97.733991	200.000000
353.0	30.304722	-97.733899	200.000000
354.0	30.304610	-97.733787	200.000000
355.0	30.304512	-97.733657	200.000000
356.0	30.304431	-97.733511	200.000000
357.0	30.304368	-97.733353	200.000000
358.0	30.304323	-97.733185	200.000000
359.0	30.304300	-97.733010	200.000000
360.0	30.304296	-97.732831	200.000000
361.0	30.304314	-97.732653	200.000000
362.0	30.304353	-97.732478	200.000000
363.0	30.304412	-97.732310	200.000000
364.0	30.304491	-97.732151	200.000000
365.0	30.304587	-97.732006	200.000000
366.0	30.304699	-97.731876	200.000000
367.0	30.304826	-97.731764	200.000000
368.0	30.304964	-97.731672	200.000000
369.0	30.305111	-97.731602	200.000000
370.0	30.305265	-97.731556	200.000000
371.0	30.305423	-97.731533	200.000000
372.0	30.305581	-97.731534	200.000000
373.0	30.305738	-97.731559	200.000000
374.0	30.305889	-97.731608	200.000000
375.0	30.306032	-97.731680	200.000000
376.0	30.306164	-97.731773	200.000000
377.0	30.306284	-97.731884	200.000000
378.0	30.306389	-97.732013	200.000000
379.0	30.306476	-97.732156	200.000000
380.0	30.306545	-97.732310	200.000000
381.0	30.306594	-97.732473	200.000000
382.0	30.306622	-97.732640	200.000000
383.0	30.306630	-97.732810	200.000000
384.0	30.306616	-97.732977	200.000000
385.0	30.306582	-97.733140	200.000000
386.0	30.306528	-97.733294	200.000000
387.0	30.306456	-97.733437	200.000000
388.0	30.306366	-97.733565	200.000000
389.0	30.306261	-97.733677	200.000000
390.0	30.306143	-97.733770	200.000000
391.0	30.306015	-97.733841	200.000000
392.0	30.305879	-97.733890	200.000000
393.0	30.305738	-97.733916	200.000000
394.0	30.305594	-97.733917	200.000000
395.0	30.305451	-97.733894	200.000000
396.0	30.305312	-97.733847	200.000000
397.0	30.305180	-97.733777	200.000000
398.0	30.305056	-97.733686	200.000000
399.0	30.304945	-97.733574	200.000000
400.0	30.304847	-97.733444	200.000000
401.0	30.304766	-97.733298	200.000000
402.0	30.304703	-97.733140	200.000000
403.0	30.304658	-97.732972	200.000000
404.0	30.304634	-97.732797	200.000000
405.0	30.304631	-97.732618	200.000000
406.0	30.304649	-97.732440	200.000000
407.0	30.304688	-97.732265	200.000000
408.0	30.304747	-97.732097	200.000000
409.0	30.304826	-97.731938	200.000000
410.0	30.304922	-97.731793	200.000000
411.0	30.305034	-97.731663	200.000000
412.0	30.305161	-97.731551	200.000000
413.0	30.305299	-97.731459	200.000000
414.0	30.305446	-97.731389	200.000000
415.0	30.305600	-97.731342	200.000000
416.0	30.305758	-97.731319	200.000000
417.0	30.305916	-97.731321	200.000000
418.0	30.306072	-97.731346	200.000000
419.0	30.306223	-97.731395	200.000000
420.0	30.306367	-97.731467	200.000000
421.0	30.306499	-97.731559	200.000000
422.0	30.306619	-97.731671	200.000000
423.0	30.306723	-97.731800	200.000000
424.0	30.306811	-97.731943	200.000000
425.0	30.306880	-97.732097	200.000000
426.0	30.306929	-97.732259	200.000000
427.0	30.306957	-97.732427	200.000000
428.0	30.306965	-97.732596	200.000000
429.0	30.306951	-97.732764	200.000000
430.0	30.306917	-97.732927	200.000000
431.0	30.306863	-97.733081	200.000000
432.0	30.306790	-97.733224	200.000000
433.0	30.306701	-97.733352	200.000000
434.0	30.306596	-97.733464	200.000000
435.0	30.306478	-97.733557	200.000000
436.0	30.306350	-97.733628	200.000000
437.0	30.306214	-97.733677	200.000000
438.0	30.306072	-97.733703	200.000000
439.0	30.305929	-97.733704	200.000000
440.0	30.305786	-97.733681	200.000000
441.0	30.305647	-97.733634	200.000000
442.0	30.305515	-97.733564	200.000000
443.0	30.305391	-97.733473	200.000000
444.0	30.305280	-97.733361	200.000000
445.0	30.305182	-97.733231	200.000000
446.0	30.305101	-97.733085	200.000000
447.0	30.305037	-97.732927	200.000000
448.0	30.304993	-97.732759	200.000000
449.0	30.304969	-97.732584	200.000000
450.0	30.304966	-97.732405	200.000000
451.0	30.304984	-97.732227	200.000000
452.0	30.305023	-97.732052	200.000000
453.0	30.305082	-97.731884	200.000000
454.0	30.305160	-97.731725	200.000000
455.0	30.305257	-97.731580	200.000000
456.0	30.305369	-97.731450	200.000000
457.0	30.305495	-97.731338	200.000000
458.0	30.305634	-97.731246	200.000000
459.0	30.305781	-97.731176	200.000000
460.0	30.305935	-97.731129	200.000000
461.0	30.306093	-97.731106	200.000000
462.0	30.306251	-97.731107	200.000000
463.0	30.306407	-97.731133	200.000000
464.0	30.306558	-97.731182	200.000000
465.0	30.306701	-97.731253	200.000000
466.0	30.306834	-97.731346	200.000000
467.0	30.306953	-97.731457	200.000000
468.0	30.307058	-97.731586	200.000000
469.0	30.307145	-97.731729	200.000000
470.0	30.307214	-97.731883	200.000000
471.0	30.307263	-97.732045	200.000000
472.0	30.307291	-97.732213	200.000000
473.0	30.307299	-97.732382	200.000000
474.0	30.307285	-97.732550	200.000000
475.0	30.307251	-97.732712	200.000000
476.0	30.307197	-97.732866	200.000000
477.0	30.307124	-97.733009	200.000000
478.0	30.307034	-97.733137	200.000000
479.0	30.306930	-97.733249	200.000000
480.0	30.306812	-97.733342	200.000000
481.0	30.306683	-97.733413	200.000000
482.0	30.306547	-97.733462	200.000000
483.0	30.306406	-97.733487	200.000000
484.0	30.306262	-97.733489	200.000000
485.0	30.306119	-97.733466	200.000000
486.0	30.305980	-97.733419	200.000000
487.0	30.305848	-97.733349	200.000000
488.0	30.305724	-97.733257	200.000000
489.0	30.305613	-97.733145	200.000000
490.0	30.305515	-97.733015	200.000000
491.0	30.305434	-97.732869	200.000000
492.0	30.305370	-97.732711	200.000000
493.0	30.305326	-97.732542	200.000000
494.0	30.305302	-97.732367	200.000000
495.0	30.305299	-97.732189	200.000000
496.0	30.305317	-97.732010	200.000000
497.0	30.305355	-97.731835	200.000000
498.0	30.305415	-97.731667	200.000000
499.0	30.305493	-97.731508	200.000000
500.0	30.305589	-97.731363	200.000000
501.0	30.305701	-97.731233	200.000000
502.0	30.305828	-97.731121	200.000000
503.0	30.305966	-97.731029	200.000000
504.0	30.306113	-97.730959	200.000000
505.0	30.306267	-97.730912	200.000000
506.0	30.306425	-97.730889	200.000000
507.0	30.306583	-97.730890	200.000000
508.0	30.306739	-97.730915	200.000000
509.0	30.306890	-97.730964	200.000000
510.0	30.307033	-97.731036	200.000000
511.0	30.307166	-97.731128	200.000000
512.0	30.307285	-97.731240	200.000000
513.0	30.307390	-97.731368	200.000000
514.0	30.307477	-97.731511	200.000000
515.0	30.307546	-97.731665	200.000000
516.0	30.307595	-97.731828	200.000000
517.0	30.307623	-97.731995	200.000000
518.0	30.307631	-97.732165	200.000000
519.0	30.307617	-97.732332	200.000000
520.0	30.307583	-97.732495	200.000000
521.0	30.307529	-97.732649	200.000000
522.0	30.307456	-97.732792	200.000000
523.0	30.307367	-97.732920	200.000000
524.0	30.307262	-97.733032	200.000000
525.0	30.307144	-97.733124	200.000000
526.0	30.307016	-97.733196	200.000000
527.0	30.306879	-97.733245	200.000000
528.0	30.306738	-97.733270	200.000000
529.0	30.306594	-97.733271	200.000000
530.0	30.306452	-97.733248	200.000000
531.0	30.306312	-97.733201	200.000000
532.0	30.306180	-97.733131	200.000000
533.0	30.306056	-97.733039	200.000000
534.0	30.305945	-97.732927	200.000000
535.0	30.305847	-97.732797	200.000000
536.0	30.305766	-97.732652	200.000000
537.0	30.305702	-97.732493	200.000000
538.0	30.305658	-97.732325	200.000000
539.0	30.305634	-97.732150	200.000000
540.0	30.305631	-97.731971	200.000000
541.0	30.305649	-97.731793	200.000000
542.0	30.305688	-97.731618	200.000000
543.0	30.305747	-97.731449	200.000000
544.0	30.305825	-97.731291	200.000000
545.0	30.305921	-97.731145	200.000000
546.0	30.306033	-97.731015	200.000000
547.0	30.306160	-97.730903	200.000000
548.0	30.306298	-97.730811	200.000000
549.0	30.306445	-97.730741	200.000000
550.0	30.306599	-97.730694	200.000000
551.0	30.306757	-97.730671	200.000000
552.0	30.306915	-97.730673	200.000000
553.0	30.307071	-97.730698	200.000000
554.0	30.307222	-97.730747	200.000000
555.0	30.307365	-97.730819	200.000000
556.0	30.307498	-97.730911	200.000000
557.0	30.307618	-97.731023	200.000000
558.0	30.307722	-97.731151	200.000000
559.0	30.307809	-97.731294	200.000000
560.0	30.307878	-97.731448	200.000000
561.0	30.307927	-97.731611	200.000000
562.0	30.307956	-97.731778	200.000000
563.0	30.307963	-97.731947	200.000000
564.0	30.307949	-97.732115	200.000000
565.0	30.307915	-97.732277	200.000000
566.0	30.307861	-97.732432	200.000000
567.0	30.307788	-97.732574	200.000000
568.0	30.307699	-97.732703	200.000000
569.0	30.307594	-97.732814	200.000000
570.0	30.307476	-97.732907	200.000000
571.0	30.307348	-97.732978	200.000000
572.0	30.307211	-97.733027	200.000000
573.0	30.307070	-97.733053	200.000000
574.0	30.306927	-97.733054	200.000000
575.0	30.306784	-97.733031	200.000000
576.0	30.306645	-97.732984	200.000000
577.0	30.306512	-97.732914	200.000000
578.0	30.306389	-97.732822	200.000000
579.0	30.306277	-97.732710	200.000000
580.0	30.306179	-97.732580	200.000000
581.0	30.306098	-97.732434	200.000000
582.0	30.306034	-97.732276	200.000000
583.0	30.305990	-97.732108	200.000000
584.0	30.305966	-97.731933	200.000000
585.0	30.305963	-97.731754	200.000000
586.0	30.305981	-97.731576	200.000000
587.0	30.306020	-97.731401	200.000000
588.0	30.306079	-97.731232	200.000000
589.0	30.306157	-97.731074	200.000000
590.0	30.306253	-97.730928	200.000000
591.0	30.306365	-97.730798	200.000000
592.0	30.306492	-97.730686	200.000000
593.0	30.306630	-97.730594	200.000000
594.0	30.306777	-97.730524	200.000000
595.0	30.306931	-97.730477	200.000000
596.0	30.307089	-97.730454	200.000000
597.0	30.307247	-97.730455	200.000000
598.0	30.307403	-97.730481	200.000000
599.0	30.307554	-97.730530	200.000000
600.0	30.307697	-97.730601	200.000000
601.0	30.307830	-97.730694	200.000000
602.0	30.307950	-97.730805	200.000000
603.0	30.308054	-97.730934	200.000000
604.0	30.308141	-97.731077	200.000000
605.0	30.308210	-97.731231	200.000000
606.0	30.308259	-97.731393	200.000000
607.0	30.308288	-97.731561	200.000000
608.0	30.308295	-97.731730	200.000000
609.0	30.308281	-97.731898	200.000000
610.0	30.308247	-97.732060	200.000000
611.0	30.308193	-97.732214	200.000000
612.0	30.308120	-97.732357	200.000000
613.0	30.308031	-97.732486	200.000000
614.0	30.307926	-97.732597	200.000000
615.0	30.307808	-97.732690	200.000000
616.0	30.307680	-97.732761	200.000000
617.0	30.307543	-97.732810	200.000000
618.0	30.307402	-97.732836	200.000000
619.0	30.307259	-97.732837	200.000000
620.0	30.307116	-97.732814	200.000000
621.0	30.306977	-97.732767	200.000000
622.0	30.306844	-97.732697	200.000000
623.0	30.306720	-97.732605	200.000000
624.0	30.306609	-97.732493	200.000000
625.0	30.306511	-97.732363	200.000000
626.0	30.306430	-97.732218	200.000000
627.0	30.306366	-97.732059	200.000000
628.0	30.306322	-97.731891	200.000000
629.0	30.306298	-97.731716	200.000000
630.0	30.306295	-97.731538	200.000000
631.0	30.306313	-97.731359	200.000000
632.0	30.306351	-97.731184	200.000000
633.0	30.306410	-97.731016	200.000000
634.0	30.306489	-97.730857	200.000000
635.0	30.306585	-97.730712	200.000000
636.0	30.306697	-97.730582	200.000000
637.0	30.306824	-97.730470	200.000000
638.0	30.306962	-97.730378	200.000000
639.0	30.307109	-97.730308	200.000000
640.0	30.307263	-97.730261	200.000000
641.0	30.307420	-97.730238	200.000000
642.0	30.307579	-97.730239	200.000000
643.0	30.307735	-97.730265	200.000000
644.0	30.307886	-97.730314	200.000000
645.0	30.308029	-97.730385	200.000000
646.0	30.308162	-97.730478	200.000000
647.0	30.308281	-97.730590	200.000000
648.0	30.308386	-97.730718	200.000000
649.0	30.308473	-97.730861	200.000000
650.0	30.308542	-97.731015	200.000000
651.0	30.308591	-97.731178	200.000000
652.0	30.308619	-97.731345	200.000000
653.0	30.308626	-97.731514	200.000000
654.0	30.308613	-97.731682	200.000000
655.0	30.308579	-97.731845	200.000000
656.0	30.308524	-97.731999	200.000000
657.0	30.308452	-97.732142	200.000000
658.0	30.308362	-97.732270	200.000000
659.0	30.308257	-97.732382	200.000000
660.0	30.308139	-97.732474	200.000000
661.0	30.308011	-97.732546	200.000000
662.0	30.307875	-97.732595	200.000000
663.0	30.307733	-97.732620	200.000000
664.0	30.307590	-97.732622	200.000000
665.0	30.307447	-97.732599	200.000000
666.0	30.307308	-97.732552	200.000000
667.0	30.307175	-97.732482	200.000000
668.0	30.307052	-97.732390	200.000000
669.0	30.306940	-97.732278	200.000000
670.0	30.306843	-97.732148	200.000000
671.0	30.306761	-97.732002	200.000000
672.0	30.306698	-97.731844	200.000000
673.0	30.306653	-97.731676	200.000000
674.0	30.306629	-97.731501	200.000000
675.0	30.306626	-97.731322	200.000000
676.0	30.306644	-97.731144	200.000000
677.0	30.306683	-97.730969	200.000000
678.0	30.306742	-97.730800	200.000000
679.0	30.306820	-97.730642	200.000000
680.0	30.306916	-97.730496	200.000000
681.0	30.307028	-97.730366	200.000000
682.0	30.307155	-97.730254	200.000000
683.0	30.307293	-97.730163	200.000000
684.0	30.307440	-97.730093	200.000000
685.0	30.307594	-97.730046	200.000000
686.0	30.307752	-97.730023	200.000000
687.0	30.307910	-97.730024	200.000000
688.0	30.308066	-97.730049	200.000000
689.0	30.308217	-97.730098	200.000000
690.0	30.308360	-97.730170	200.000000
691.0	30.308493	-97.730262	200.000000
692.0	30.308612	-97.730374	200.000000
693.0	30.308717	-97.730503	200.000000
694.0	30.308804	-97.730646	200.000000
695.0	30.308873	-97.730800	200.000000
696.0	30.308922	-97.730962	200.000000
697.0	30.308950	-97.731130	200.000000
698.0	30.308958	-97.731299	200.000000
699.0	30.308944	-97.731467	200.000000
700.0	30.308910	-97.731629	200.000000
701.0	30.308856	-97.731783	200.000000
702.0	30.308783	-97.731926	200.000000
703.0	30.308693	-97.732055	200.000000
704.0	30.308589	-97.732166	200.000000
705.0	30.308471	-97.732259	200.000000
706.0	30.308342	-97.732330	200.000000
707.0	30.308206	-97.732379	200.000000
708.0	30.308065	-97.732405	200.000000
709.0	30.307921	-97.732406	200.000000
710.0	30.307778	-97.732383	200.000000
711.0	30.307639	-97.732336	200.000000
712.0	30.307506	-97.732266	200.000000
713.0	30.307383	-97.732175	200.000000
714.0	30.307271	-97.732063	200.000000
715.0	30.307174	-97.731933	200.000000
716.0	30.307092	-97.731787	200.000000
717.0	30.307029	-97.731629	200.000000
718.0	30.306985	-97.731460	200.000000
719.0	30.306961	-97.731285	200.000000
720.0	30.306957	-97.731107	200.000000
721.0	30.306975	-97.730928	200.000000
722.0	30.307014	-97.730753	200.000000
723.0	30.307073	-97.730585	200.000000
724.0	30.307151	-97.730426	200.000000
725.0	30.307247	-97.730281	200.000000
726.0	30.307360	-97.730151	200.000000
727.0	30.307486	-97.730039	200.000000
728.0	30.307624	-97.729947	200.000000
729.0	30.307772	-97.729877	200.000000
730.0	30.307926	-97.729830	200.000000
731.0	30.308083	-97.729807	200.000000
732.0	30.308241	-97.729809	200.000000
733.0	30.308397	-97.729834	200.000000
734.0	30.308548	-97.729883	200.000000
735.0	30.308692	-97.729955	200.000000
736.0	30.308824	-97.730047	200.000000
737.0	30.308944	-97.730159	200.000000
738.0	30.309048	-97.730287	200.000000
739.0	30.309136	-97.730430	200.000000
740.0	30.309204	-97.730584	200.000000
741.0	30.309253	-97.730747	200.000000
742.0	30.309282	-97.730914	200.000000
743.0	30.309289	-97.731084	200.000000
744.0	30.309275	-97.731251	200.000000
745.0	30.309241	-97.731414	200.000000
746.0	30.309187	-97.731568	200.000000
747.0	30.309114	-97.731711	200.000000
748.0	30.309025	-97.731839	200.000000
749.0	30.308920	-97.731951	200.000000
750.0	30.308802	-97.732044	200.000000
751.0	30.308674	-97.732115	200.000000
752.0	30.308537	-97.732164	200.000000
753.0	30.308396	-97.732190	200.000000
754.0	30.308252	-97.732191	200.000000
755.0	30.308110	-97.732168	200.000000
756.0	30.307970	-97.732121	200.000000
757.0	30.307838	-97.732051	200.000000
758.0	30.307714	-97.731959	200.000000
759.0	30.307603	-97.731847	200.000000
760.0	30.307505	-97.731717	200.000000
761.0	30.307424	-97.731572	200.000000
762.0	30.307360	-97.731413	200.000000
763.0	30.307316	-97.731245	200.000000
764.0	30.307292	-97.731070	200.000000
765.0	30.307289	-97.730891	200.000000
766.0	30.307307	-97.730713	200.000000
767.0	30.307346	-97.730538	200.000000
768.0	30.307405	-97.730370	200.000000
769.0	30.307483	-97.730212	200.000000
770.0	30.307579	-97.730066	200.000000
771.0	30.307692	-97.729936	200.000000
772.0	30.307818	-97.729824	200.000000
773.0	30.307956	-97.729733	200.000000
774.0	30.308104	-97.729663	200.000000
775.0	30.308258	-97.729616	200.000000
776.0	30.308415	-97.729593	200.000000
777.0	30.308574	-97.729595	200.000000
778.0	30.308730	-97.729620	200.000000
779.0	30.308881	-97.729669	200.000000
780.0	30.309024	-97.729741	200.000000
781.0	30.309157	-97.729833	200.000000
782.0	30.309276	-97.729945	200.000000
783.0	30.309381	-97.730074	200.000000
784.0	30.309468	-97.730217	200.000000
785.0	30.309537	-97.730371	200.000000
786.0	30.309586	-97.730534	200.000000
787.0	30.309615	-97.730701	200.000000
788.0	30.309622	-97.730871	200.000000
789.0	30.309608	-97.731039	200.000000
790.0	30.309574	-97.731201	200.000000
791.0	30.309520	-97.731356	200.000000
792.0	30.309448	-97.731498	200.000000
793.0	30.309358	-97.731627	200.000000
794.0	30.309253	-97.731739	200.000000
795.0	30.309135	-97.731832	200.000000
796.0	30.309007	-97.731903	200.000000
797.0	30.308871	-97.731952	200.000000
798.0	30.308730	-97.731978	200.000000
799.0	30.308586	-97.731979	200.000000
800.0	30.308443	-97.731956	200.000000
801.0	30.308304	-97.731910	200.000000
802.0	30.308172	-97.731840	200.000000
803.0	30.308048	-97.731748	200.000000
804.0	30.307937	-97.731636	200.000000
805.0	30.307839	-97.731506	200.000000
806.0	30.307758	-97.731361	200.000000
807.0	30.307695	-97.731202	200.000000
808.0	30.307650	-97.731034	200.000000
809.0	30.307626	-97.730859	200.000000
810.0	30.307623	-97.730681	200.000000
811.0	30.307641	-97.730503	200.000000
812.0	30.307680	-97.730328	200.000000
813.0	30.307739	-97.730159	200.000000
814.0	30.307817	-97.730001	200.000000
815.0	30.307914	-97.729856	200.000000
816.0	30.308026	-97.729726	200.000000
817.0	30.308152	-97.729614	200.000000
818.0	30.308291	-97.729522	200.000000
819.0	30.308438	-97.729452	200.000000
820.0	30.308592	-97.729406	200.000000
821.0	30.308750	-97.729383	200.000000
822.0	30.308908	-97.729384	200.000000
823.0	30.309064	-97.729410	200.000000
824.0	30.309215	-97.729459	200.000000
825.0	30.309358	-97.729530	200.000000
826.0	30.309491	-97.729623	200.000000
827.0	30.309611	-97.729735	200.000000
828.0	30.309715	-97.729863	200.000000
829.0	30.309803	-97.730006	200.000000
830.0	30.309872	-97.730161	200.000000
831.0	30.309921	-97.730323	200.000000
832.0	30.309949	-97.730491	200.000000
833.0	30.309956	-97.730660	200.000000
834.0	30.309943	-97.730828	200.000000
835.0	30.309909	-97.730991	200.000000
836.0	30.309855	-97.731145	200.000000
837.0	30.309782	-97.731288	200.000000
838.0	30.309692	-97.731417	200.000000
839.0	30.309588	-97.731528	200.000000
840.0	30.309470	-97.731621	200.000000
841.0	30.309342	-97.731693	200.000000
842.0	30.309205	-97.731742	200.000000
843.0	30.309064	-97.731767	200.000000
844.0	30.308921	-97.731769	200.000000
845.0	30.308778	-97.731746	200.000000
846.0	30.308639	-97.731699	200.000000
847.0	30.308506	-97.731629	200.000000
848.0	30.308383	-97.731537	200.000000
849.0	30.308271	-97.731426	200.000000
850.0	30.308174	-97.731296	200.000000
851.0	30.308092	-97.731150	200.000000
852.0	30.308029	-97.730992	200.000000
853.0	30.307985	-97.730824	200.000000
854.0	30.307961	-97.730649	200.000000
855.0	30.307958	-97.730470	200.000000
856.0	30.307976	-97.730292	200.000000
857.0	30.308014	-97.730117	200.000000
858.0	30.308074	-97.729949	200.000000
859.0	30.308152	-97.729791	200.000000
860.0	30.308248	-97.729645	200.000000
861.0	30.308360	-97.729515	200.000000
862.0	30.308487	-97.729403	200.000000
863.0	30.308625	-97.729312	200.000000
864.0	30.308773	-97.729242	200.000000
865.0	30.308926	-97.729195	200.000000
866.0	30.309084	-97.729172	200.000000
867.0	30.309242	-97.729173	200.000000
868.0	30.309399	-97.729199	200.000000
869.0	30.309550	-97.729248	200.000000
870.0	30.309693	-97.729320	200.000000
871.0	30.309825	-97.729412	200.000000
872.0	30.309945	-97.729524	200.000000
873.0	30.310050	-97.729653	200.000000
874.0	30.310137	-97.729796	200.000000
875.0	30.310206	-97.729950	200.000000
876.0	30.310255	-97.730113	200.000000
877.0	30.310283	-97.730280	200.000000
878.0	30.310291	-97.730450	200.000000
879.0	30.310277	-97.730617	200.000000
880.0	30.310243	-97.730780	200.000000
881.0	30.310189	-97.730934	200.000000
882.0	30.310117	-97.731077	200.000000
883.0	30.310027	-97.731206	200.000000
884.0	30.309922	-97.731318	200.000000
885.0	30.309804	-97.731410	200.000000
886.0	30.309676	-97.731482	200.000000
887.0	30.309540	-97.731531	200.000000
888.0	30.309399	-97.731557	200.000000
889.0	30.309255	-97.731558	200.000000
890.0	30.309112	-97.731535	200.000000
891.0	30.308973	-97.731488	200.000000
892.0	30.308841	-97.731419	200.000000
893.0	30.308717	-97.731327	200.000000
894.0	30.308606	-97.731215	200.000000
895.0	30.308508	-97.731085	200.000000
896.0	30.308427	-97.730940	200.000000
897.0	30.308363	-97.730781	200.000000
898.0	30.308319	-97.730613	200.000000
899.0	30.308295	-97.730438	200.000000
900.0	30.308292	-97.730260	200.000000
901.0	30.308310	-97.730082	200.000000
902.0	30.308349	-97.729907	200.000000
903.0	30.308408	-97.729738	200.000000
904.0	30.308486	-97.729580	200.000000
905.0	30.308582	-97.729435	200.000000
906.0	30.308695	-97.729305	200.000000
907.0	30.308821	-97.729193	200.000000
908.0	30.308959	-97.729101	200.000000
909.0	30.309107	-97.729031	200.000000
910.0	30.309261	-97.728984	200.000000
911.0	30.309411	-97.728966	200.000000
912.0	30.309562	-97.728972	200.000000
913.0	30.309711	-97.729003	200.000000
914.0	30.309854	-97.729056	200.000000
915.0	30.309990	-97.729133	200.000000
916.0	30.310115	-97.729230	200.000000
917.0	30.310228	-97.729346	200.000000
918.0	30.310325	-97.729480	200.000000
919.0	30.310405	-97.729627	200.000000
920.0	30.310466	-97.729786	200.000000
921.0	30.310508	-97.729954	200.000000
922.0	30.310529	-97.730126	200.000000
923.0	30.310529	-97.730300	200.000000
924.0	30.310508	-97.730472	200.000000
925.0	30.310466	-97.730640	200.000000
926.0	30.310405	-97.730799	200.000000
927.0	30.310325	-97.730946	200.000000
928.0	30.310228	-97.731080	200.000000
929.0	30.310115	-97.731196	200.000000
